Heavy_metals/usgrids5km/dmino.asc
NCOLS 940
NROWS 592
XLLCORNER -2405000
YLLCORNER 260000
CELLSIZE 5000
NODATA_VALUE -1
[rows 168 to 209 of 592, columns 760 to 854 of 940]
0.015 0.016 0.019 0.022 0.025 0.028 0.03 0.031 0.03 0.028 0.025 0.022 0.018 0.014 0.011 0.009 0.006 0.005 0.003 0.002 0.001 0.001 0 0 0 0 0 0 0 0 0 0 0.001 0.001 0.001 0.001 0.001 0.001 0.001 0.001 0.001 0.001 0.001 0 0 0 0 0 0 0.001 0.001 0.002 0.003 0.004 0.005 0.006 0.008 0.009 0.009 0.009 0.009 0.009 0.008 0.007 0.006 0.005 0.004 0.003 0.003 0.004 0.006 0.01 0.015 0.023 0.034 0.047 0.061 0.074 0.086 0.095 0.1 0.1 0.098 0.094 0.089 0.085 0.083 0.082 0.081 0.08 0.077 0.072 0.064 0.055 0.046
0.018 0.019 0.022 0.026 0.031 0.035 0.037 0.039 0.038 0.037 0.033 0.03 0.025 0.021 0.017 0.013 0.01 0.007 0.005 0.003 0.002 0.001 0.001 0.001 0 0 0 0 0.001 0.001 0.001 0.001 0.001 0.001 0.001 0.002 0.002 0.002 0.002 0.002 0.002 0.001 0.001 0.001 0.001 0.001 0 0 0 0 0.001 0.001 0.002 0.002 0.003 0.004 0.005 0.005 0.006 0.006 0.005 0.005 0.005 0.004 0.003 0.003 0.002 0.002 0.003 0.004 0.006 0.01 0.015 0.024 0.035 0.048 0.063 0.077 0.09 0.1 0.105 0.106 0.105 0.101 0.097 0.094 0.091 0.09 0.089 0.087 0.084 0.078 0.071 0.061 0.051
0.02 0.022 0.026 0.03 0.035 0.04 0.044 0.047 0.047 0.046 0.043 0.039 0.035 0.03 0.024 0.019 0.015 0.011 0.008 0.005 0.003 0.002 0.001 0.001 0.001 0.001 0.001 0.001 0.001 0.002 0.002 0.002 0.002 0.003 0.003 0.003 0.003 0.003 0.003 0.003 0.003 0.003 0.002 0.002 0.001 0.001 0.001 0.001 0 0 0 0.001 0.001 0.001 0.002 0.002 0.003 0.003 0.003 0.003 0.003 0.003 0.003 0.002 0.002 0.002 0.001 0.001 0.002 0.003 0.005 0.009 0.015 0.024 0.035 0.049 0.064 0.079 0.092 0.102 0.109 0.111 0.11 0.107 0.103 0.1 0.098 0.097 0.096 0.093 0.09 0.083 0.075 0.065 0.054
0.022 0.024 0.028 0.033 0.039 0.045 0.05 0.054 0.056 0.056 0.055 0.051 0.046 0.04 0.034 0.027 0.021 0.016 0.011 0.008 0.005 0.003 0.002 0.001 0.001 0.001 0.001 0.002 0.002 0.003 0.003 0.004 0.004 0.005 0.005 0.006 0.006 0.006 0.006 0.006 0.006 0.005 0.004 0.003 0.003 0.002 0.001 0.001 0.001 0 0 0 0.001 0.001 0.001 0.001 0.001 0.002 0.002 0.002 0.002 0.002 0.001 0.001 0.001 0.001 0.001 0.001 0.002 0.003 0.005 0.009 0.015 0.024 0.035 0.048 0.064 0.079 0.093 0.104 0.111 0.114 0.113 0.111 0.108 0.105 0.103 0.101 0.099 0.096 0.092 0.086 0.077 0.067 0.056
0.022 0.024 0.028 0.034 0.041 0.048 0.055 0.061 0.065 0.067 0.067 0.064 0.059 0.052 0.045 0.037 0.029 0.022 0.016 0.011 0.007 0.005 0.003 0.002 0.002 0.002 0.003 0.003 0.004 0.005 0.006 0.007 0.008 0.008 0.009 0.009 0.01 0.01 0.01 0.01 0.009 0.008 0.007 0.006 0.004 0.003 0.002 0.002 0.001 0.001 0.001 0 0 0.001 0.001 0.001 0.001 0.001 0.001 0.001 0.001 0.001 0.001 0.001 0 0 0.001 0.001 0.001 0.003 0.005 0.009 0.014 0.023 0.034 0.047 0.062 0.078 0.092 0.103 0.111 0.114 0.114 0.113 0.11 0.107 0.104 0.102 0.099 0.096 0.091 0.084 0.076 0.066 0.056
0.021 0.023 0.028 0.034 0.042 0.05 0.059 0.067 0.073 0.077 0.079 0.077 0.073 0.066 0.057 0.047 0.038 0.029 0.021 0.014 0.01 0.006 0.004 0.003 0.003 0.003 0.004 0.006 0.007 0.009 0.01 0.011 0.012 0.013 0.014 0.015 0.015 0.016 0.016 0.015 0.014 0.013 0.011 0.009 0.007 0.005 0.004 0.003 0.002 0.001 0.001 0.001 0 0 0 0.001 0.001 0.001 0.001 0.001 0 0 0 0 0 0 0 0.001 0.001 0.002 0.005 0.008 0.014 0.022 0.032 0.045 0.06 0.075 0.089 0.101 0.108 0.113 0.113 0.112 0.109 0.105 0.102 0.099 0.096 0.092 0.087 0.08 0.072 0.062 0.053
0.019 0.021 0.026 0.032 0.041 0.051 0.061 0.071 0.08 0.087 0.09 0.09 0.087 0.079 0.07 0.058 0.047 0.036 0.026 0.018 0.012 0.008 0.005 0.004 0.004 0.005 0.007 0.009 0.011 0.014 0.016 0.018 0.019 0.02 0.021 0.022 0.023 0.023 0.023 0.023 0.021 0.019 0.017 0.014 0.011 0.008 0.006 0.004 0.003 0.002 0.001 0.001 0.001 0.001 0.001 0.001 0.001 0.001 0 0 0 0 0 0 0 0 0 0.001 0.001 0.002 0.004 0.008 0.013 0.02 0.03 0.043 0.057 0.071 0.085 0.096 0.104 0.108 0.109 0.108 0.105 0.102 0.098 0.094 0.09 0.085 0.079 0.072 0.065 0.056 0.048
0.017 0.019 0.023 0.03 0.039 0.05 0.062 0.074 0.085 0.095 0.1 0.102 0.099 0.092 0.081 0.068 0.055 0.042 0.031 0.021 0.014 0.01 0.007 0.006 0.006 0.008 0.01 0.013 0.017 0.02 0.023 0.026 0.028 0.029 0.03 0.031 0.032 0.033 0.033 0.032 0.03 0.027 0.024 0.02 0.016 0.012 0.009 0.007 0.005 0.003 0.002 0.002 0.001 0.001 0.001 0.001 0.001 0.001 0.001 0.001 0 0 0 0 0 0 0 0 0.001 0.002 0.004 0.007 0.012 0.019 0.028 0.039 0.052 0.066 0.079 0.09 0.097 0.102 0.103 0.102 0.099 0.095 0.091 0.087 0.082 0.076 0.07 0.063 0.056 0.049 0.042
0.014 0.016 0.02 0.027 0.036 0.048 0.061 0.075 0.089 0.1 0.108 0.111 0.108 0.101 0.09 0.076 0.061 0.047 0.034 0.024 0.016 0.011 0.008 0.007 0.008 0.011 0.014 0.019 0.024 0.029 0.033 0.036 0.038 0.04 0.041 0.042 0.042 0.043 0.043 0.042 0.039 0.036 0.032 0.027 0.022 0.017 0.013 0.01 0.007 0.005 0.004 0.003 0.002 0.002 0.002 0.002 0.002 0.001 0.001 0.001 0.001 0 0 0 0 0 0 0 0.001 0.002 0.003 0.006 0.01 0.016 0.025 0.035 0.047 0.059 0.071 0.081 0.089 0.093 0.094 0.093 0.091 0.087 0.083 0.078 0.072 0.066 0.06 0.053 0.047 0.04 0.035
0.011 0.013 0.017 0.024 0.033 0.045 0.059 0.074 0.089 0.102 0.111 0.115 0.113 0.106 0.095 0.081 0.065 0.05 0.036 0.025 0.017 0.012 0.009 0.009 0.01 0.014 0.019 0.025 0.031 0.037 0.043 0.047 0.049 0.051 0.052 0.052 0.053 0.053 0.053 0.052 0.049 0.045 0.04 0.034 0.028 0.023 0.018 0.013 0.01 0.008 0.006 0.005 0.004 0.003 0.003 0.003 0.003 0.002 0.002 0.002 0.001 0.001 0.001 0 0 0 0 0 0.001 0.002 0.003 0.005 0.009 0.014 0.021 0.03 0.041 0.052 0.062 0.071 0.078 0.082 0.083 0.083 0.08 0.077 0.073 0.068 0.062 0.056 0.05 0.043 0.037 0.032 0.028
0.008 0.01 0.014 0.021 0.03 0.041 0.055 0.071 0.086 0.099 0.109 0.114 0.113 0.107 0.095 0.081 0.065 0.05 0.036 0.026 0.018 0.012 0.01 0.01 0.012 0.017 0.023 0.031 0.039 0.046 0.053 0.057 0.06 0.061 0.062 0.062 0.062 0.062 0.062 0.061 0.058 0.054 0.048 0.042 0.035 0.029 0.023 0.018 0.014 0.011 0.009 0.007 0.006 0.006 0.005 0.005 0.005 0.004 0.003 0.003 0.002 0.001 0.001 0.001 0 0 0 0 0.001 0.001 0.002 0.004 0.007 0.012 0.018 0.025 0.034 0.043 0.052 0.06 0.065 0.069 0.071 0.07 0.069 0.066 0.062 0.057 0.052 0.046 0.04 0.034 0.029 0.025 0.022
0.006 0.008 0.012 0.018 0.026 0.037 0.05 0.065 0.08 0.093 0.103 0.108 0.107 0.101 0.091 0.077 0.062 0.047 0.035 0.024 0.017 0.012 0.01 0.011 0.014 0.02 0.027 0.036 0.045 0.054 0.061 0.066 0.069 0.07 0.07 0.069 0.069 0.069 0.068 0.067 0.065 0.061 0.055 0.049 0.042 0.035 0.029 0.023 0.019 0.015 0.012 0.011 0.01 0.009 0.008 0.008 0.007 0.006 0.005 0.004 0.003 0.002 0.002 0.001 0.001 0 0 0 0.001 0.001 0.002 0.003 0.006 0.009 0.014 0.02 0.027 0.034 0.041 0.048 0.053 0.056 0.058 0.058 0.056 0.054 0.051 0.046 0.042 0.036 0.031 0.026 0.022 0.019 0.016
0.004 0.006 0.009 0.015 0.022 0.032 0.044 0.057 0.071 0.083 0.093 0.097 0.097 0.091 0.082 0.069 0.056 0.043 0.031 0.022 0.015 0.011 0.01 0.011 0.015 0.021 0.03 0.039 0.049 0.059 0.066 0.071 0.074 0.075 0.074 0.073 0.072 0.072 0.071 0.07 0.068 0.065 0.06 0.055 0.048 0.041 0.035 0.029 0.024 0.02 0.017 0.015 0.014 0.013 0.013 0.012 0.011 0.01 0.008 0.007 0.005 0.003 0.002 0.001 0.001 0 0 0 0 0.001 0.001 0.003 0.004 0.007 0.011 0.015 0.02 0.026 0.032 0.036 0.04 0.043 0.045 0.045 0.044 0.042 0.04 0.036 0.032 0.028 0.023 0.019 0.016 0.013 0.012
0.003 0.005 0.007 0.012 0.018 0.027 0.037 0.049 0.06 0.071 0.079 0.083 0.083 0.078 0.07 0.059 0.047 0.036 0.026 0.018 0.013 0.01 0.009 0.011 0.015 0.022 0.03 0.04 0.051 0.06 0.068 0.073 0.075 0.075 0.074 0.072 0.071 0.071 0.07 0.07 0.069 0.066 0.063 0.058 0.052 0.046 0.04 0.034 0.029 0.025 0.022 0.02 0.019 0.018 0.017 0.017 0.016 0.014 0.012 0.009 0.007 0.005 0.003 0.002 0.001 0.001 0 0 0 0.001 0.001 0.002 0.003 0.005 0.008 0.011 0.015 0.019 0.023 0.027 0.03 0.032 0.033 0.033 0.033 0.032 0.03 0.027 0.024 0.021 0.017 0.014 0.011 0.009 0.008
0.002 0.003 0.006 0.009 0.014 0.021 0.03 0.039 0.049 0.058 0.064 0.068 0.067 0.063 0.056 0.048 0.038 0.029 0.021 0.015 0.011 0.008 0.008 0.01 0.015 0.021 0.029 0.039 0.049 0.058 0.065 0.07 0.072 0.071 0.07 0.068 0.066 0.066 0.066 0.066 0.066 0.065 0.062 0.059 0.055 0.05 0.044 0.039 0.034 0.03 0.027 0.025 0.024 0.024 0.023 0.022 0.021 0.018 0.015 0.012 0.009 0.007 0.004 0.003 0.002 0.001 0 0 0 0 0.001 0.001 0.002 0.003 0.005 0.007 0.01 0.013 0.016 0.018 0.021 0.022 0.023 0.024 0.024 0.023 0.021 0.02 0.017 0.015 0.012 0.01 0.008 0.006 0.006
0.001 0.002 0.004 0.007 0.011 0.016 0.023 0.03 0.038 0.044 0.049 0.052 0.052 0.049 0.043 0.036 0.029 0.022 0.016 0.011 0.008 0.007 0.007 0.009 0.013 0.019 0.027 0.035 0.044 0.053 0.059 0.063 0.065 0.064 0.062 0.06 0.059 0.058 0.058 0.059 0.06 0.06 0.059 0.058 0.055 0.051 0.047 0.043 0.038 0.034 0.032 0.03 0.029 0.029 0.029 0.028 0.026 0.023 0.019 0.015 0.012 0.008 0.005 0.003 0.002 0.001 0.001 0 0 0 0 0.001 0.001 0.002 0.003 0.005 0.007 0.009 0.011 0.012 0.014 0.015 0.016 0.016 0.016 0.016 0.015 0.014 0.012 0.01 0.008 0.006 0.005 0.004 0.004
0.001 0.002 0.003 0.005 0.008 0.012 0.016 0.022 0.027 0.032 0.036 0.038 0.038 0.035 0.031 0.026 0.021 0.016 0.011 0.008 0.006 0.005 0.006 0.008 0.011 0.016 0.023 0.03 0.038 0.045 0.05 0.054 0.055 0.054 0.052 0.05 0.049 0.049 0.05 0.051 0.053 0.054 0.055 0.055 0.053 0.051 0.048 0.044 0.041 0.038 0.035 0.034 0.034 0.034 0.034 0.033 0.031 0.027 0.023 0.018 0.014 0.01 0.006 0.004 0.002 0.001 0.001 0 0 0 0 0.001 0.001 0.002 0.002 0.003 0.005 0.006 0.007 0.008 0.009 0.01 0.011 0.011 0.011 0.011 0.01 0.009 0.008 0.007 0.005 0.004 0.003 0.003 0.002
0.001 0.001 0.002 0.003 0.005 0.008 0.011 0.015 0.019 0.022 0.025 0.026 0.026 0.024 0.021 0.018 0.014 0.011 0.008 0.005 0.004 0.004 0.004 0.006 0.009 0.013 0.018 0.024 0.03 0.036 0.04 0.043 0.044 0.043 0.041 0.04 0.039 0.039 0.04 0.042 0.045 0.047 0.049 0.05 0.05 0.049 0.047 0.045 0.042 0.039 0.038 0.037 0.037 0.038 0.038 0.037 0.034 0.031 0.026 0.021 0.015 0.011 0.007 0.004 0.003 0.001 0.001 0 0 0 0 0.001 0.001 0.001 0.002 0.003 0.003 0.004 0.005 0.006 0.007 0.008 0.008 0.008 0.008 0.008 0.007 0.007 0.006 0.005 0.004 0.003 0.002 0.002 0.001
0 0.001 0.001 0.002 0.003 0.005 0.007 0.01 0.012 0.014 0.016 0.017 0.017 0.016 0.014 0.011 0.009 0.007 0.005 0.003 0.003 0.003 0.003 0.004 0.007 0.01 0.014 0.018 0.023 0.027 0.03 0.032 0.033 0.032 0.031 0.03 0.03 0.031 0.032 0.035 0.038 0.041 0.043 0.045 0.046 0.046 0.045 0.043 0.041 0.039 0.038 0.038 0.039 0.04 0.04 0.039 0.037 0.033 0.028 0.022 0.016 0.012 0.008 0.005 0.003 0.002 0.001 0 0 0 0 0.001 0.001 0.001 0.002 0.003 0.003 0.004 0.005 0.006 0.007 0.007 0.008 0.008 0.008 0.007 0.006 0.005 0.005 0.004 0.003 0.002 0.001 0.001 0.001
0 0 0.001 0.001 0.002 0.003 0.004 0.006 0.007 0.009 0.01 0.01 0.01 0.009 0.008 0.007 0.005 0.004 0.003 0.002 0.002 0.002 0.002 0.003 0.005 0.007 0.01 0.013 0.016 0.019 0.022 0.023 0.023 0.023 0.023 0.023 0.023 0.024 0.026 0.029 0.032 0.035 0.038 0.04 0.041 0.042 0.041 0.04 0.039 0.038 0.038 0.038 0.04 0.041 0.042 0.041 0.038 0.034 0.028 0.023 0.017 0.012 0.008 0.005 0.003 0.002 0.001 0.001 0 0.001 0.001 0.001 0.001 0.002 0.003 0.004 0.005 0.006 0.007 0.008 0.009 0.009 0.01 0.009 0.009 0.008 0.007 0.006 0.005 0.004 0.003 0.002 0.001 0.001 0.001
0 0 0 0.001 0.001 0.002 0.003 0.003 0.004 0.005 0.006 0.006 0.006 0.005 0.005 0.004 0.003 0.002 0.002 0.001 0.001 0.001 0.001 0.002 0.003 0.005 0.007 0.009 0.011 0.013 0.014 0.015 0.016 0.016 0.016 0.017 0.018 0.02 0.022 0.025 0.029 0.032 0.034 0.036 0.037 0.037 0.037 0.036 0.035 0.035 0.036 0.038 0.04 0.041 0.042 0.041 0.038 0.034 0.028 0.022 0.017 0.012 0.008 0.005 0.003 0.002 0.001 0.001 0.001 0.001 0.001 0.002 0.002 0.003 0.004 0.005 0.007 0.008 0.01 0.011 0.012 0.013 0.013 0.013 0.012 0.011 0.009 0.008 0.006 0.004 0.003 0.002 0.001 0.001 0.001
0 0 0 0 0.001 0.001 0.001 0.002 0.002 0.003 0.003 0.003 0.003 0.003 0.003 0.002 0.002 0.001 0.001 0.001 0.001 0.001 0.001 0.001 0.002 0.003 0.004 0.005 0.007 0.008 0.009 0.01 0.011 0.011 0.012 0.013 0.015 0.018 0.021 0.024 0.027 0.03 0.032 0.033 0.034 0.034 0.033 0.032 0.032 0.033 0.034 0.036 0.039 0.041 0.042 0.041 0.038 0.033 0.028 0.022 0.016 0.011 0.007 0.005 0.003 0.002 0.001 0.001 0.001 0.002 0.002 0.003 0.004 0.005 0.007 0.008 0.01 0.012 0.015 0.017 0.018 0.019 0.019 0.019 0.018 0.016 0.013 0.011 0.008 0.006 0.004 0.003 0.002 0.001 0.001
0 0 0 0 0 0.001 0.001 0.001 0.001 0.001 0.002 0.002 0.002 0.001 0.001 0.001 0.001 0.001 0 0 0 0 0 0.001 0.001 0.002 0.002 0.003 0.004 0.005 0.006 0.006 0.007 0.008 0.009 0.011 0.014 0.017 0.021 0.024 0.028 0.03 0.032 0.032 0.032 0.031 0.03 0.029 0.029 0.03 0.032 0.035 0.038 0.04 0.041 0.04 0.037 0.033 0.027 0.021 0.016 0.011 0.007 0.004 0.003 0.002 0.001 0.001 0.002 0.002 0.003 0.005 0.006 0.008 0.01 0.012 0.015 0.018 0.021 0.023 0.026 0.027 0.027 0.026 0.024 0.022 0.018 0.015 0.011 0.008 0.006 0.004 0.002 0.001 0.001
0 0 0 0 0 0 0 0 0.001 0.001 0.001 0.001 0.001 0.001 0.001 0.001 0 0 0 0 0 0 0 0 0.001 0.001 0.001 0.002 0.002 0.003 0.003 0.004 0.005 0.006 0.008 0.011 0.014 0.018 0.022 0.026 0.029 0.032 0.033 0.032 0.031 0.029 0.028 0.027 0.027 0.028 0.031 0.034 0.037 0.04 0.041 0.04 0.037 0.032 0.026 0.02 0.015 0.01 0.007 0.004 0.003 0.002 0.002 0.002 0.003 0.004 0.005 0.007 0.009 0.012 0.014 0.018 0.021 0.025 0.028 0.032 0.034 0.036 0.036 0.035 0.032 0.028 0.024 0.019 0.015 0.011 0.007 0.005 0.003 0.002 0.001
0 0 0 0 0 0 0 0 0 0 0 0 0 0 0 0 0 0 0 0 0 0 0 0 0 0 0.001 0.001 0.001 0.002 0.002 0.003 0.004 0.005 0.008 0.011 0.015 0.019 0.024 0.028 0.031 0.033 0.034 0.033 0.031 0.029 0.027 0.025 0.026 0.027 0.03 0.034 0.037 0.04 0.041 0.039 0.036 0.031 0.026 0.02 0.014 0.01 0.006 0.004 0.003 0.002 0.002 0.003 0.004 0.006 0.008 0.01 0.013 0.016 0.02 0.024 0.028 0.032 0.036 0.04 0.043 0.045 0.045 0.043 0.04 0.035 0.03 0.024 0.018 0.013 0.009 0.006 0.004 0.002 0.001
0 0 0 0 0 0 0 0 0 0 0 0 0 0 0 0 0 0 0 0 0 0 0 0 0 0 0 0.001 0.001 0.001 0.001 0.002 0.003 0.005 0.008 0.011 0.015 0.02 0.025 0.03 0.033 0.035 0.035 0.034 0.031 0.028 0.026 0.025 0.025 0.027 0.03 0.034 0.037 0.039 0.04 0.039 0.035 0.031 0.025 0.019 0.014 0.009 0.006 0.004 0.003 0.002 0.003 0.004 0.005 0.008 0.011 0.014 0.018 0.022 0.026 0.03 0.035 0.039 0.044 0.048 0.051 0.053 0.053 0.051 0.047 0.041 0.035 0.028 0.021 0.015 0.011 0.007 0.004 0.002 0.001
0 0 0 0 0 0 0 0 0 0 0 0 0 0 0 0 0 0 0 0 0 0 0 0 0 0 0 0 0 0.001 0.001 0.002 0.003 0.005 0.008 0.011 0.016 0.02 0.026 0.03 0.033 0.035 0.035 0.034 0.031 0.029 0.026 0.025 0.025 0.027 0.03 0.033 0.037 0.039 0.039 0.038 0.034 0.029 0.024 0.018 0.013 0.009 0.006 0.004 0.003 0.003 0.003 0.005 0.007 0.01 0.014 0.018 0.023 0.027 0.032 0.037 0.041 0.046 0.05 0.054 0.057 0.059 0.058 0.056 0.052 0.046 0.038 0.031 0.023 0.017 0.012 0.008 0.005 0.003 0.001
0 0 0 0 0 0 0 0 0 0 0 0 0 0 0 0 0 0 0 0 0 0 0 0 0 0 0 0 0 0.001 0.001 0.002 0.003 0.005 0.007 0.011 0.015 0.02 0.025 0.029 0.033 0.034 0.034 0.033 0.031 0.029 0.027 0.026 0.026 0.028 0.03 0.033 0.036 0.037 0.037 0.036 0.032 0.027 0.022 0.017 0.012 0.008 0.005 0.004 0.003 0.003 0.004 0.006 0.009 0.013 0.017 0.022 0.028 0.033 0.038 0.042 0.047 0.051 0.055 0.058 0.061 0.062 0.061 0.058 0.054 0.047 0.04 0.032 0.024 0.018 0.012 0.008 0.005 0.003 0.002
0 0 0 0 0 0 0 0 0 0 0 0 0 0 0 0 0 0 0 0 0 0 0 0 0 0 0 0 0 0 0.001 0.002 0.003 0.004 0.007 0.01 0.014 0.019 0.023 0.027 0.03 0.032 0.033 0.032 0.03 0.029 0.028 0.027 0.027 0.029 0.031 0.033 0.035 0.036 0.035 0.033 0.03 0.025 0.02 0.015 0.011 0.008 0.005 0.004 0.003 0.004 0.005 0.008 0.011 0.016 0.021 0.026 0.032 0.037 0.042 0.046 0.05 0.053 0.056 0.059 0.061 0.061 0.06 0.057 0.052 0.046 0.039 0.031 0.024 0.017 0.012 0.008 0.005 0.003 0.001
0 0 0 0 0 0 0 0 0 0 0 0 0 0 0 0 0 0 0 0 0 0 0 0 0 0 0 0 0 0 0.001 0.001 0.003 0.004 0.006 0.009 0.013 0.017 0.021 0.025 0.027 0.029 0.03 0.03 0.03 0.029 0.029 0.029 0.029 0.03 0.032 0.033 0.034 0.034 0.033 0.031 0.027 0.023 0.018 0.014 0.01 0.007 0.005 0.004 0.004 0.004 0.006 0.009 0.013 0.018 0.024 0.03 0.036 0.041 0.046 0.049 0.052 0.054 0.055 0.057 0.057 0.057 0.055 0.052 0.048 0.042 0.035 0.028 0.021 0.016 0.011 0.007 0.004 0.002 0.001
0 0 0 0 0 0 0 0 0 0 0 0 0 0 0 0 0 0 0 0 0 0 0 0 0 0 0 0 0 0 0.001 0.002 0.003 0.004 0.006 0.009 0.012 0.015 0.019 0.022 0.025 0.026 0.028 0.028 0.029 0.03 0.03 0.031 0.032 0.033 0.033 0.034 0.034 0.033 0.031 0.028 0.025 0.021 0.017 0.013 0.009 0.007 0.005 0.004 0.004 0.006 0.008 0.011 0.016 0.021 0.027 0.033 0.039 0.044 0.048 0.05 0.051 0.052 0.052 0.052 0.052 0.051 0.049 0.046 0.041 0.036 0.03 0.024 0.019 0.013 0.009 0.006 0.004 0.002 0.001
0 0 0 0 0 0 0 0 0 0 0 0 0 0 0 0 0 0 0 0 0 0 0 0 0 0 0 0 0 0.001 0.001 0.002 0.003 0.004 0.006 0.009 0.012 0.015 0.018 0.02 0.022 0.024 0.026 0.027 0.029 0.03 0.032 0.033 0.035 0.035 0.035 0.035 0.034 0.032 0.03 0.027 0.024 0.02 0.016 0.013 0.01 0.007 0.006 0.005 0.006 0.007 0.01 0.014 0.018 0.024 0.03 0.036 0.042 0.046 0.049 0.05 0.05 0.049 0.047 0.046 0.044 0.043 0.041 0.038 0.034 0.03 0.025 0.02 0.015 0.011 0.007 0.005 0.003 0.002 0.001
0 0 0 0 0 0 0 0 0 0 0 0 0 0 0 0 0 0 0 0 0 0 0 0 0 0 0 0 0 0.001 0.001 0.002 0.004 0.005 0.007 0.01 0.013 0.015 0.018 0.02 0.022 0.023 0.025 0.027 0.029 0.031 0.034 0.036 0.037 0.038 0.038 0.037 0.035 0.033 0.031 0.028 0.024 0.021 0.017 0.014 0.011 0.009 0.008 0.007 0.008 0.01 0.013 0.017 0.022 0.028 0.034 0.04 0.045 0.048 0.049 0.049 0.047 0.045 0.042 0.04 0.037 0.035 0.033 0.03 0.027 0.024 0.02 0.016 0.012 0.009 0.006 0.004 0.002 0.001 0.001
0 0 0 0 0 0 0 0 0 0 0 0 0 0 0 0 0 0 0 0 0 0 0 0 0 0 0 0 0.001 0.001 0.002 0.003 0.005 0.007 0.01 0.012 0.015 0.018 0.02 0.022 0.023 0.024 0.025 0.027 0.029 0.032 0.035 0.038 0.039 0.04 0.04 0.039 0.037 0.035 0.033 0.03 0.027 0.023 0.02 0.017 0.014 0.012 0.011 0.011 0.012 0.014 0.018 0.022 0.027 0.033 0.039 0.044 0.048 0.05 0.05 0.048 0.045 0.042 0.038 0.034 0.031 0.029 0.027 0.024 0.022 0.019 0.015 0.012 0.009 0.007 0.005 0.003 0.002 0.001 0.001
0 0 0 0 0 0 0 0 0 0 0 0 0 0 0 0 0 0 0 0 0 0 0 0 0 0 0 0.001 0.001 0.002 0.003 0.004 0.007 0.009 0.013 0.016 0.019 0.022 0.024 0.025 0.026 0.026 0.027 0.028 0.03 0.033 0.036 0.038 0.04 0.041 0.041 0.041 0.039 0.038 0.036 0.033 0.031 0.028 0.025 0.022 0.019 0.018 0.017 0.017 0.019 0.021 0.025 0.029 0.035 0.04 0.046 0.05 0.053 0.053 0.052 0.049 0.044 0.04 0.035 0.031 0.028 0.025 0.023 0.02 0.018 0.016 0.013 0.01 0.008 0.005 0.004 0.002 0.001 0.001 0
0 0 0 0 0 0 0 0 0 0 0 0 0 0 0 0 0 0 0 0 0 0 0 0 0 0 0.001 0.001 0.001 0.002 0.004 0.006 0.009 0.013 0.017 0.021 0.025 0.028 0.03 0.031 0.03 0.03 0.029 0.029 0.031 0.033 0.035 0.038 0.04 0.041 0.042 0.042 0.041 0.041 0.04 0.038 0.036 0.034 0.032 0.029 0.028 0.026 0.026 0.027 0.029 0.031 0.035 0.039 0.044 0.05 0.054 0.057 0.059 0.058 0.055 0.05 0.045 0.039 0.034 0.03 0.027 0.024 0.022 0.02 0.017 0.015 0.012 0.01 0.007 0.005 0.003 0.002 0.001 0.001 0
0.001 0 0 0 0 0 0 0 0 0 0 0 0 0 0 0 0 0 0 0 0.001 0.001 0.001 0.001 0.001 0.001 0.001 0.001 0.002 0.003 0.005 0.008 0.012 0.016 0.022 0.027 0.032 0.036 0.038 0.038 0.036 0.034 0.032 0.031 0.031 0.032 0.033 0.035 0.037 0.039 0.041 0.042 0.042 0.043 0.044 0.044 0.043 0.042 0.041 0.04 0.039 0.039 0.04 0.041 0.043 0.046 0.049 0.053 0.057 0.061 0.064 0.066 0.065 0.063 0.059 0.053 0.047 0.041 0.036 0.032 0.029 0.026 0.024 0.022 0.02 0.017 0.014 0.011 0.008 0.006 0.004 0.002 0.001 0.001 0
0.001 0.001 0.001 0 0 0 0 0 0 0 0 0 0 0 0 0 0 0 0.001 0.001 0.001 0.001 0.001 0.001 0.001 0.002 0.002 0.002 0.003 0.004 0.006 0.01 0.014 0.02 0.027 0.033 0.039 0.043 0.045 0.045 0.043 0.039 0.035 0.032 0.03 0.03 0.031 0.032 0.034 0.036 0.038 0.04 0.043 0.045 0.047 0.049 0.051 0.052 0.053 0.054 0.055 0.057 0.059 0.061 0.063 0.065 0.067 0.069 0.072 0.074 0.075 0.074 0.072 0.068 0.063 0.057 0.05 0.044 0.039 0.036 0.034 0.032 0.03 0.028 0.025 0.021 0.017 0.013 0.01 0.007 0.004 0.003 0.002 0.001 0
0.002 0.001 0.001 0.001 0.001 0 0 0 0 0 0 0 0 0 0 0 0.001 0.001 0.001 0.002 0.002 0.003 0.003 0.003 0.003 0.003 0.003 0.003 0.004 0.005 0.008 0.012 0.017 0.024 0.031 0.039 0.046 0.05 0.053 0.052 0.048 0.043 0.038 0.033 0.03 0.028 0.027 0.028 0.03 0.032 0.035 0.038 0.042 0.046 0.05 0.055 0.059 0.063 0.068 0.072 0.076 0.08 0.084 0.087 0.089 0.09 0.09 0.09 0.089 0.088 0.086 0.083 0.078 0.073 0.067 0.06 0.054 0.049 0.045 0.043 0.042 0.041 0.039 0.036 0.033 0.028 0.023 0.018 0.013 0.009 0.006 0.003 0.002 0.001 0.001
0.003 0.002 0.002 0.002 0.001 0.001 0.001 0 0 0 0 0 0 0 0 0.001 0.001 0.002 0.003 0.003 0.004 0.005 0.005 0.005 0.005 0.005 0.005 0.005 0.005 0.006 0.009 0.013 0.019 0.026 0.035 0.043 0.051 0.056 0.058 0.057 0.053 0.047 0.04 0.034 0.029 0.025 0.024 0.024 0.025 0.027 0.031 0.035 0.04 0.046 0.053 0.06 0.068 0.076 0.085 0.093 0.102 0.109 0.116 0.12 0.121 0.121 0.118 0.114 0.108 0.103 0.097 0.09 0.084 0.077 0.07 0.064 0.058 0.055 0.053 0.052 0.052 0.052 0.05 0.047 0.042 0.036 0.029 0.022 0.016 0.011 0.007 0.004 0.002 0.001 0.001
0.004 0.004 0.003 0.003 0.002 0.001 0.001 0.001 0 0 0 0 0 0 0.001 0.001 0.002 0.003 0.004 0.006 0.007 0.008 0.009 0.009 0.009 0.009 0.008 0.007 0.007 0.008 0.01 0.014 0.02 0.028 0.037 0.046 0.053 0.059 0.061 0.059 0.055 0.048 0.04 0.033 0.027 0.022 0.02 0.019 0.02 0.023 0.026 0.032 0.038 0.046 0.055 0.066 0.077 0.09 0.104 0.118 0.131 0.143 0.152 0.157 0.159 0.155 0.149 0.14 0.129 0.118 0.107 0.097 0.087 0.079 0.072 0.067 0.063 0.062 0.062 0.063 0.064 0.065 0.063 0.059 0.053 0.045 0.036 0.028 0.02 0.014 0.009 0.005 0.003 0.002 0.001
0.007 0.006 0.005 0.004 0.003 0.002 0.002 0.001 0.001 0 0 0 0 0.001 0.001 0.002 0.004 0.005 0.007 0.01 0.012 0.014 0.015 0.016 0.015 0.014 0.013 0.011 0.01 0.01 0.012 0.015 0.021 0.028 0.037 0.046 0.053 0.059 0.061 0.059 0.054 0.047 0.039 0.031 0.025 0.02 0.017 0.016 0.016 0.019 0.023 0.028 0.036 0.045 0.057 0.071 0.087 0.105 0.125 0.144 0.163 0.179 0.191 0.198 0.198 0.192 0.181 0.166 0.149 0.132 0.116 0.102 0.09 0.08 0.073 0.069 0.068 0.069 0.071 0.075 0.077 0.078 0.076 0.071 0.064 0.054 0.043 0.033 0.023 0.016 0.01 0.006 0.003 0.002 0.001
