Heavy_metals/usgrids5km/dmino.asc
NCOLS 940
NROWS 592
XLLCORNER -2405000
YLLCORNER 260000
CELLSIZE 5000
NODATA_VALUE -1
[rows 294 to 335 of 592, columns 380 to 474 of 940]
0 0 0 0 0 0 0 0 0 0 0 0 0 0 0 0 0 0 0 0 0 0 0 0 0 0 0 0 0 0 0 0 0 0 0 0 0 0 0 0 0 0 0 0 0.001 0.001 0.002 0.003 0.005 0.006 0.008 0.01 0.011 0.012 0.013 0.015 0.018 0.022 0.029 0.038 0.049 0.06 0.071 0.079 0.085 0.086 0.083 0.077 0.068 0.058 0.048 0.038 0.028 0.021 0.014 0.01 0.006 0.004 0.002 0.001 0.001 0 0 0 0 0 0 0 0 0 0 0.001 0.002 0.003 0.004
0 0 0 0 0 0 0 0 0 0 0 0 0 0 0 0 0 0 0 0 0 0 0 0 0 0 0 0 0 0 0 0 0 0 0 0 0 0 0 0 0 0 0 0.001 0.001 0.002 0.003 0.005 0.007 0.009 0.011 0.014 0.015 0.017 0.018 0.019 0.022 0.026 0.033 0.042 0.053 0.065 0.077 0.086 0.092 0.094 0.091 0.085 0.076 0.065 0.053 0.042 0.032 0.024 0.017 0.011 0.007 0.004 0.002 0.001 0.001 0 0 0 0 0 0 0 0 0 0 0.001 0.001 0.002 0.003
0 0 0 0 0 0 0 0 0 0 0 0 0 0 0 0 0 0 0 0 0 0 0 0 0 0 0 0 0 0 0 0 0 0 0 0 0 0 0 0 0 0 0 0.001 0.002 0.003 0.004 0.006 0.009 0.012 0.015 0.018 0.02 0.022 0.023 0.024 0.026 0.03 0.036 0.045 0.056 0.069 0.08 0.09 0.097 0.099 0.096 0.09 0.08 0.069 0.057 0.046 0.035 0.026 0.018 0.012 0.008 0.005 0.003 0.001 0.001 0 0 0 0 0 0 0 0 0 0 0 0.001 0.001 0.002
0 0 0 0 0 0 0 0 0 0 0 0 0 0 0 0 0 0 0 0 0 0 0 0 0 0 0 0 0 0 0 0 0 0 0 0 0 0 0 0 0 0 0.001 0.001 0.002 0.003 0.005 0.008 0.011 0.015 0.019 0.022 0.025 0.027 0.028 0.028 0.03 0.033 0.039 0.048 0.059 0.071 0.083 0.093 0.099 0.101 0.099 0.092 0.083 0.071 0.059 0.047 0.036 0.027 0.019 0.013 0.008 0.005 0.003 0.002 0.001 0 0 0 0 0 0 0 0 0 0 0 0.001 0.001 0.002
0 0 0 0 0 0 0 0 0 0 0 0 0 0 0 0 0 0 0 0 0 0 0 0 0 0 0 0 0 0 0 0 0 0 0 0 0 0 0 0 0 0 0.001 0.001 0.002 0.004 0.006 0.009 0.013 0.018 0.022 0.026 0.029 0.031 0.032 0.032 0.033 0.036 0.041 0.049 0.06 0.072 0.084 0.094 0.1 0.102 0.099 0.093 0.083 0.071 0.059 0.047 0.036 0.026 0.019 0.012 0.008 0.005 0.003 0.001 0.001 0 0 0 0 0 0 0 0 0 0 0 0 0.001 0.001
0 0 0 0 0 0 0 0 0 0 0 0 0 0 0 0 0 0 0 0 0 0 0 0 0 0 0 0 0 0 0 0 0 0 0 0 0 0 0 0 0 0 0.001 0.001 0.003 0.004 0.007 0.01 0.014 0.019 0.024 0.028 0.032 0.034 0.034 0.035 0.035 0.038 0.043 0.05 0.061 0.072 0.084 0.094 0.1 0.102 0.099 0.092 0.082 0.07 0.057 0.045 0.035 0.025 0.018 0.012 0.007 0.004 0.003 0.001 0.001 0 0 0 0 0 0 0 0 0 0 0 0 0 0.001
0 0 0 0 0 0 0 0 0 0 0 0 0 0 0 0 0 0 0 0 0 0 0 0 0 0 0 0 0 0 0 0 0 0 0 0 0 0 0 0 0 0 0.001 0.001 0.003 0.004 0.007 0.011 0.015 0.02 0.025 0.029 0.033 0.035 0.035 0.035 0.036 0.038 0.043 0.05 0.061 0.072 0.084 0.093 0.099 0.101 0.097 0.09 0.08 0.068 0.055 0.043 0.033 0.024 0.016 0.011 0.007 0.004 0.002 0.001 0.001 0 0 0 0 0 0 0 0 0 0 0 0 0 0
0 0 0 0 0 0 0 0 0 0 0 0 0 0 0 0 0 0 0 0 0 0 0 0 0 0 0 0 0 0 0 0 0 0 0 0 0 0 0 0 0 0 0.001 0.001 0.003 0.004 0.007 0.01 0.014 0.019 0.024 0.028 0.032 0.033 0.034 0.034 0.035 0.037 0.042 0.049 0.06 0.071 0.083 0.092 0.098 0.099 0.096 0.089 0.078 0.066 0.054 0.042 0.031 0.022 0.015 0.01 0.006 0.004 0.002 0.001 0.001 0 0 0 0 0 0 0 0 0 0 0 0 0 0
0 0 0 0 0 0 0 0 0 0 0 0 0 0 0 0 0 0 0 0 0 0 0 0 0 0 0 0 0 0 0 0 0 0 0 0 0 0 0 0 0 0 0.001 0.001 0.002 0.004 0.006 0.009 0.013 0.018 0.022 0.026 0.029 0.031 0.031 0.032 0.033 0.035 0.04 0.047 0.057 0.069 0.081 0.09 0.097 0.099 0.096 0.088 0.078 0.066 0.053 0.041 0.03 0.022 0.015 0.009 0.006 0.003 0.002 0.001 0.001 0 0 0 0 0 0 0 0 0 0 0 0 0 0
0 0 0 0 0 0 0 0 0 0 0 0 0 0 0 0 0 0 0 0 0 0 0 0 0 0 0 0 0 0 0 0 0 0 0 0 0 0 0 0 0 0 0.001 0.001 0.002 0.003 0.005 0.008 0.011 0.015 0.019 0.022 0.025 0.026 0.027 0.028 0.029 0.031 0.036 0.044 0.054 0.066 0.078 0.089 0.096 0.098 0.096 0.09 0.08 0.068 0.055 0.043 0.032 0.022 0.015 0.01 0.006 0.003 0.002 0.001 0.001 0 0 0 0 0 0 0 0 0 0 0 0 0 0
0 0 0 0 0 0 0 0 0 0 0 0 0 0 0 0 0 0 0 0 0 0 0 0 0 0 0 0 0 0 0 0 0 0 0 0 0 0 0 0 0 0 0 0.001 0.002 0.003 0.004 0.006 0.009 0.012 0.015 0.018 0.02 0.021 0.022 0.023 0.024 0.027 0.032 0.04 0.051 0.063 0.076 0.087 0.095 0.1 0.099 0.094 0.085 0.073 0.06 0.047 0.035 0.025 0.017 0.011 0.006 0.004 0.002 0.001 0.001 0.001 0.001 0.001 0.001 0.001 0.001 0.001 0.001 0 0 0 0 0 0
0 0 0 0 0 0 0 0 0 0 0 0 0 0 0 0 0 0 0 0 0 0 0 0 0 0 0 0 0 0 0 0 0 0 0 0 0 0 0 0 0 0 0 0.001 0.001 0.002 0.003 0.005 0.007 0.009 0.011 0.013 0.015 0.016 0.017 0.018 0.02 0.023 0.028 0.036 0.047 0.06 0.073 0.086 0.096 0.103 0.105 0.101 0.093 0.081 0.068 0.053 0.04 0.029 0.019 0.012 0.008 0.004 0.003 0.002 0.001 0.001 0.001 0.001 0.001 0.001 0.001 0.001 0.001 0.001 0.001 0 0 0 0
0 0 0 0 0 0 0 0 0 0 0 0 0 0 0 0 0 0 0 0 0 0 0 0 0 0 0 0 0 0 0 0 0 0 0 0 0 0 0 0 0 0 0 0 0.001 0.001 0.002 0.003 0.005 0.006 0.008 0.01 0.011 0.012 0.012 0.013 0.015 0.019 0.024 0.032 0.043 0.057 0.071 0.086 0.098 0.108 0.112 0.11 0.103 0.092 0.078 0.062 0.047 0.034 0.023 0.015 0.009 0.005 0.003 0.002 0.002 0.002 0.002 0.002 0.003 0.003 0.003 0.002 0.002 0.002 0.001 0.001 0.001 0 0
0 0 0 0 0 0 0 0 0 0 0 0 0 0 0 0 0 0 0 0 0 0 0 0 0 0 0 0 0 0 0 0 0 0 0 0 0 0 0 0 0 0 0 0 0.001 0.001 0.002 0.002 0.003 0.004 0.005 0.006 0.007 0.008 0.009 0.01 0.012 0.015 0.021 0.029 0.04 0.054 0.07 0.086 0.101 0.113 0.12 0.12 0.115 0.103 0.088 0.071 0.054 0.039 0.027 0.017 0.011 0.007 0.004 0.003 0.003 0.003 0.004 0.004 0.004 0.004 0.004 0.004 0.003 0.003 0.002 0.001 0.001 0.001 0
0 0 0 0 0 0 0 0 0 0 0 0 0 0 0 0 0 0 0 0 0 0 0 0 0 0 0 0 0 0 0 0 0 0 0 0 0 0 0 0 0 0 0 0 0 0.001 0.001 0.001 0.002 0.003 0.003 0.004 0.005 0.005 0.006 0.007 0.009 0.012 0.018 0.026 0.037 0.052 0.069 0.087 0.104 0.118 0.127 0.129 0.125 0.114 0.098 0.08 0.061 0.044 0.031 0.02 0.013 0.008 0.005 0.004 0.004 0.005 0.006 0.006 0.007 0.007 0.007 0.006 0.005 0.004 0.003 0.002 0.002 0.001 0.001
0 0 0 0 0 0 0 0 0 0 0 0 0 0 0 0 0 0 0 0 0 0 0 0 0 0 0 0 0 0 0 0 0 0 0 0 0 0 0 0 0 0 0 0 0 0 0.001 0.001 0.001 0.002 0.002 0.002 0.003 0.003 0.004 0.005 0.007 0.01 0.015 0.023 0.035 0.05 0.067 0.086 0.105 0.12 0.131 0.135 0.131 0.12 0.104 0.085 0.066 0.048 0.033 0.022 0.014 0.009 0.007 0.006 0.006 0.007 0.008 0.01 0.01 0.011 0.01 0.009 0.008 0.006 0.005 0.003 0.002 0.001 0.001
0 0 0 0 0 0 0 0 0 0 0 0 0 0 0 0 0 0 0 0 0 0 0 0 0 0 0 0 0 0 0 0 0 0 0 0 0 0 0 0 0 0 0 0 0 0 0 0 0.001 0.001 0.001 0.001 0.002 0.002 0.002 0.003 0.005 0.008 0.013 0.021 0.032 0.047 0.064 0.083 0.102 0.118 0.13 0.134 0.131 0.121 0.105 0.087 0.067 0.05 0.035 0.023 0.016 0.011 0.008 0.008 0.009 0.01 0.012 0.014 0.015 0.015 0.015 0.013 0.011 0.009 0.007 0.005 0.003 0.002 0.001
0 0 0 0 0 0 0 0 0 0 0 0 0 0 0 0 0 0 0 0 0 0 0 0 0 0 0 0 0 0 0 0 0 0 0 0 0 0 0 0 0 0 0 0 0 0 0 0 0 0.001 0.001 0.001 0.001 0.001 0.002 0.002 0.004 0.007 0.012 0.019 0.029 0.042 0.059 0.077 0.095 0.111 0.123 0.128 0.125 0.116 0.101 0.084 0.065 0.049 0.035 0.024 0.017 0.012 0.01 0.01 0.012 0.014 0.016 0.018 0.02 0.02 0.019 0.018 0.015 0.012 0.009 0.006 0.004 0.003 0.002
0 0 0 0 0 0 0 0 0 0 0 0 0 0 0 0 0 0 0 0 0 0 0 0 0 0 0 0 0 0 0 0 0 0 0 0 0 0 0 0 0 0 0 0 0 0 0 0 0 0 0 0.001 0.001 0.001 0.001 0.002 0.003 0.006 0.01 0.016 0.025 0.037 0.052 0.068 0.085 0.1 0.11 0.115 0.113 0.105 0.092 0.077 0.061 0.046 0.033 0.024 0.018 0.014 0.013 0.013 0.015 0.017 0.02 0.023 0.024 0.025 0.024 0.022 0.019 0.015 0.011 0.008 0.005 0.004 0.003
0 0 0 0 0 0 0 0 0 0 0 0 0 0 0 0 0 0 0 0 0 0 0 0 0 0 0 0 0 0 0 0 0 0 0 0 0 0 0 0 0 0 0 0 0 0 0 0 0 0 0 0 0 0.001 0.001 0.001 0.003 0.005 0.008 0.013 0.021 0.031 0.044 0.058 0.072 0.084 0.094 0.098 0.097 0.09 0.08 0.067 0.054 0.042 0.032 0.024 0.019 0.016 0.015 0.016 0.018 0.021 0.024 0.027 0.029 0.029 0.028 0.026 0.022 0.018 0.013 0.009 0.006 0.004 0.003
0 0 0 0 0 0 0 0 0 0 0 0 0 0 0 0 0 0 0 0 0 0 0 0 0 0 0 0 0 0 0 0 0 0 0 0 0 0 0 0 0 0 0 0 0 0.001 0.001 0.001 0.001 0.001 0.001 0.001 0.001 0.001 0.001 0.001 0.002 0.004 0.006 0.01 0.017 0.025 0.035 0.046 0.057 0.067 0.075 0.079 0.078 0.073 0.066 0.056 0.046 0.037 0.03 0.024 0.021 0.019 0.019 0.02 0.022 0.024 0.027 0.03 0.032 0.033 0.031 0.028 0.024 0.019 0.015 0.01 0.007 0.005 0.004
0 0 0 0 0 0 0 0 0 0 0 0 0 0 0 0 0 0 0 0 0 0 0 0 0 0 0 0 0 0 0 0 0 0 0 0 0 0 0 0 0 0 0 0.001 0.001 0.001 0.001 0.001 0.001 0.001 0.001 0.001 0.001 0.001 0.001 0.001 0.002 0.003 0.005 0.008 0.012 0.018 0.026 0.034 0.043 0.051 0.057 0.06 0.06 0.057 0.052 0.045 0.039 0.033 0.029 0.026 0.023 0.022 0.022 0.023 0.025 0.027 0.03 0.032 0.034 0.034 0.032 0.029 0.025 0.02 0.015 0.011 0.008 0.006 0.005
0 0 0 0 0 0 0 0 0 0 0 0 0 0 0 0 0 0 0 0 0 0 0 0 0 0 0 0 0 0 0 0 0 0 0 0 0 0 0 0 0 0.001 0.001 0.001 0.002 0.002 0.002 0.003 0.003 0.003 0.002 0.002 0.002 0.001 0.001 0.001 0.001 0.002 0.003 0.006 0.009 0.013 0.018 0.024 0.031 0.036 0.041 0.043 0.044 0.042 0.04 0.036 0.033 0.031 0.029 0.027 0.027 0.026 0.026 0.026 0.027 0.029 0.031 0.033 0.034 0.034 0.032 0.029 0.024 0.019 0.015 0.011 0.008 0.006 0.005
0 0 0 0 0 0 0 0 0 0 0 0 0 0 0 0 0 0 0 0 0 0 0 0 0 0 0 0 0 0 0 0 0 0 0 0 0 0 0 0 0.001 0.001 0.001 0.002 0.003 0.003 0.004 0.004 0.004 0.004 0.004 0.003 0.003 0.002 0.002 0.001 0.001 0.002 0.002 0.004 0.006 0.009 0.012 0.016 0.02 0.024 0.027 0.03 0.031 0.031 0.03 0.03 0.029 0.029 0.029 0.03 0.03 0.03 0.029 0.029 0.029 0.03 0.031 0.032 0.032 0.031 0.03 0.026 0.022 0.018 0.014 0.01 0.007 0.006 0.006
0 0 0 0 0 0 0 0 0 0 0 0 0 0 0 0 0 0 0 0 0 0 0 0 0 0 0 0 0 0 0 0 0 0 0 0 0 0 0 0.001 0.001 0.002 0.002 0.003 0.004 0.005 0.006 0.007 0.007 0.007 0.006 0.005 0.004 0.003 0.002 0.002 0.001 0.001 0.002 0.002 0.004 0.005 0.008 0.01 0.013 0.016 0.018 0.02 0.021 0.022 0.023 0.025 0.026 0.028 0.03 0.032 0.033 0.033 0.032 0.031 0.03 0.03 0.029 0.03 0.029 0.028 0.026 0.023 0.02 0.016 0.012 0.009 0.007 0.006 0.006
0 0 0 0 0 0 0 0 0 0 0 0 0 0 0 0 0 0 0 0 0 0 0 0 0 0 0 0 0 0 0 0 0 0 0 0 0 0 0 0.001 0.001 0.002 0.003 0.005 0.006 0.008 0.009 0.01 0.011 0.01 0.009 0.008 0.006 0.005 0.003 0.002 0.002 0.001 0.001 0.002 0.002 0.003 0.005 0.006 0.008 0.009 0.011 0.013 0.014 0.016 0.018 0.021 0.025 0.028 0.031 0.034 0.035 0.035 0.034 0.032 0.03 0.029 0.028 0.027 0.026 0.025 0.023 0.02 0.017 0.013 0.01 0.008 0.006 0.006 0.007
0 0 0 0 0 0 0 0 0 0 0 0 0 0 0 0 0 0 0 0 0 0 0 0 0 0 0 0 0 0 0 0 0 0 0 0 0 0 0.001 0.001 0.002 0.003 0.005 0.007 0.009 0.011 0.013 0.014 0.015 0.014 0.013 0.011 0.009 0.007 0.005 0.003 0.002 0.001 0.001 0.001 0.001 0.002 0.003 0.003 0.004 0.006 0.007 0.008 0.01 0.012 0.015 0.019 0.023 0.027 0.031 0.034 0.035 0.036 0.034 0.033 0.03 0.028 0.027 0.025 0.024 0.022 0.02 0.017 0.014 0.011 0.008 0.006 0.005 0.005 0.007
0 0 0 0 0 0 0 0 0 0 0 0 0 0 0 0 0 0 0 0 0 0 0 0 0 0 0 0 0 0 0 0 0 0 0 0 0 0 0.001 0.002 0.003 0.004 0.006 0.009 0.012 0.015 0.017 0.019 0.02 0.019 0.017 0.015 0.012 0.009 0.006 0.004 0.003 0.002 0.001 0.001 0.001 0.001 0.001 0.002 0.002 0.003 0.004 0.005 0.007 0.01 0.013 0.016 0.021 0.025 0.03 0.033 0.034 0.035 0.034 0.032 0.03 0.028 0.026 0.025 0.023 0.021 0.018 0.015 0.013 0.01 0.007 0.006 0.005 0.005 0.007
0 0 0 0 0 0 0 0 0 0 0 0 0 0 0 0 0 0 0 0 0 0 0 0 0 0 0 0 0 0 0 0 0 0 0 0 0 0.001 0.001 0.002 0.003 0.005 0.008 0.011 0.015 0.019 0.022 0.024 0.025 0.024 0.022 0.019 0.015 0.011 0.008 0.005 0.003 0.002 0.001 0.001 0.001 0.001 0.001 0.001 0.001 0.002 0.003 0.004 0.005 0.008 0.011 0.014 0.018 0.023 0.027 0.03 0.032 0.033 0.033 0.032 0.03 0.029 0.027 0.026 0.024 0.021 0.019 0.015 0.012 0.009 0.007 0.005 0.004 0.005 0.006
0 0 0 0 0 0 0 0 0 0 0 0 0 0 0 0 0 0 0 0 0 0 0 0 0 0 0 0 0 0 0 0 0 0 0 0 0 0.001 0.001 0.002 0.004 0.006 0.009 0.013 0.017 0.022 0.025 0.028 0.029 0.028 0.025 0.022 0.017 0.013 0.009 0.006 0.004 0.002 0.001 0.001 0 0 0 0.001 0.001 0.001 0.002 0.003 0.004 0.006 0.009 0.012 0.016 0.02 0.023 0.027 0.029 0.031 0.031 0.031 0.031 0.031 0.03 0.029 0.027 0.024 0.021 0.017 0.014 0.01 0.007 0.005 0.004 0.004 0.006
0 0 0 0 0 0 0 0 0 0 0 0 0 0 0 0 0 0 0 0 0 0 0 0 0 0 0 0 0 0 0 0 0 0 0 0 0 0.001 0.001 0.003 0.004 0.007 0.01 0.015 0.019 0.024 0.028 0.031 0.032 0.031 0.028 0.024 0.019 0.014 0.01 0.007 0.004 0.003 0.001 0.001 0 0 0 0 0 0.001 0.001 0.002 0.003 0.005 0.007 0.01 0.013 0.016 0.02 0.023 0.026 0.028 0.03 0.032 0.033 0.035 0.035 0.035 0.033 0.03 0.026 0.021 0.017 0.012 0.009 0.006 0.005 0.004 0.005
0 0 0 0 0 0 0 0 0 0 0 0 0 0 0 0 0 0 0 0 0 0 0 0 0 0 0 0 0 0 0 0 0 0 0 0 0 0.001 0.001 0.003 0.004 0.007 0.011 0.015 0.02 0.025 0.029 0.032 0.033 0.032 0.029 0.025 0.02 0.015 0.011 0.007 0.004 0.003 0.001 0.001 0 0 0 0 0 0 0.001 0.001 0.002 0.003 0.005 0.007 0.01 0.013 0.016 0.019 0.022 0.026 0.03 0.033 0.037 0.04 0.042 0.042 0.041 0.038 0.033 0.027 0.021 0.016 0.011 0.008 0.005 0.004 0.005
0 0 0 0 0 0 0 0 0 0 0 0 0 0 0 0 0 0 0 0 0 0 0 0 0 0 0 0 0 0 0 0 0 0 0 0 0 0.001 0.001 0.003 0.004 0.007 0.011 0.015 0.02 0.024 0.028 0.031 0.032 0.031 0.028 0.024 0.019 0.015 0.01 0.007 0.004 0.003 0.001 0.001 0 0 0 0 0 0 0.001 0.001 0.002 0.002 0.004 0.005 0.007 0.01 0.013 0.016 0.02 0.025 0.03 0.036 0.041 0.046 0.05 0.052 0.051 0.047 0.041 0.034 0.027 0.02 0.014 0.009 0.006 0.005 0.005
0 0 0 0 0 0 0 0 0 0 0 0 0 0 0 0 0 0 0 0 0 0 0 0 0 0 0 0 0 0 0 0 0 0 0 0 0 0.001 0.001 0.003 0.004 0.007 0.01 0.014 0.018 0.022 0.026 0.029 0.029 0.028 0.026 0.022 0.018 0.013 0.009 0.006 0.004 0.002 0.001 0.001 0 0 0 0 0 0 0 0.001 0.001 0.002 0.003 0.004 0.005 0.008 0.01 0.014 0.018 0.024 0.031 0.039 0.046 0.054 0.059 0.062 0.061 0.057 0.05 0.042 0.033 0.024 0.017 0.012 0.008 0.005 0.004
0 0 0 0 0 0 0 0 0 0 0 0 0 0 0 0 0 0 0 0 0 0 0 0 0 0 0 0 0 0 0 0 0 0 0 0 0 0.001 0.001 0.002 0.004 0.006 0.009 0.013 0.016 0.02 0.023 0.025 0.026 0.025 0.022 0.019 0.015 0.011 0.008 0.005 0.003 0.002 0.001 0.001 0 0 0 0 0 0 0 0 0.001 0.001 0.002 0.003 0.004 0.006 0.009 0.012 0.017 0.024 0.032 0.042 0.051 0.06 0.067 0.071 0.071 0.067 0.059 0.049 0.039 0.029 0.021 0.014 0.009 0.006 0.004
0 0 0 0 0 0 0 0 0 0 0 0 0 0 0 0 0 0 0 0 0 0 0 0 0 0 0 0 0 0 0 0 0 0 0 0 0 0.001 0.001 0.002 0.004 0.006 0.008 0.011 0.015 0.018 0.02 0.021 0.022 0.021 0.019 0.016 0.013 0.009 0.007 0.004 0.003 0.002 0.001 0 0 0 0 0 0 0 0 0 0 0.001 0.001 0.002 0.003 0.005 0.007 0.011 0.017 0.024 0.033 0.044 0.055 0.066 0.074 0.079 0.079 0.074 0.066 0.056 0.044 0.033 0.024 0.016 0.01 0.006 0.004
0 0 0 0 0 0 0 0 0 0 0 0 0 0 0 0 0 0 0 0 0 0 0 0 0 0 0 0 0 0 0 0 0 0 0 0 0.001 0.001 0.002 0.003 0.004 0.006 0.008 0.011 0.013 0.016 0.017 0.018 0.018 0.017 0.015 0.013 0.01 0.007 0.005 0.003 0.002 0.001 0.001 0 0 0 0 0 0 0 0 0 0 0 0.001 0.001 0.002 0.004 0.006 0.01 0.016 0.024 0.034 0.045 0.057 0.069 0.078 0.083 0.084 0.08 0.071 0.06 0.048 0.036 0.026 0.017 0.011 0.007 0.005
0 0 0 0 0 0 0 0 0 0 0 0 0 0 0 0 0 0 0 0 0 0 0 0 0 0 0 0 0 0 0 0 0 0 0 0 0.001 0.001 0.002 0.003 0.005 0.007 0.009 0.011 0.013 0.015 0.016 0.016 0.016 0.015 0.013 0.01 0.008 0.006 0.004 0.003 0.002 0.001 0.001 0 0 0 0 0 0 0 0 0 0 0 0.001 0.001 0.002 0.003 0.006 0.01 0.015 0.023 0.033 0.045 0.057 0.069 0.079 0.084 0.085 0.081 0.073 0.062 0.05 0.037 0.027 0.018 0.011 0.007 0.005
0 0 0 0 0 0 0 0 0 0 0 0 0 0 0 0 0 0 0 0 0 0 0 0 0 0 0 0 0 0 0 0 0 0 0 0.001 0.001 0.002 0.003 0.004 0.006 0.008 0.01 0.013 0.015 0.016 0.017 0.016 0.015 0.013 0.011 0.009 0.007 0.005 0.003 0.002 0.001 0.001 0 0 0 0 0 0 0 0 0 0 0 0 0 0.001 0.002 0.003 0.005 0.009 0.014 0.022 0.031 0.043 0.055 0.066 0.075 0.081 0.082 0.079 0.071 0.061 0.049 0.037 0.026 0.018 0.011 0.007 0.004
0 0 0 0 0 0 0 0 0 0 0 0 0 0 0 0 0 0 0 0 0 0 0 0 0 0 0 0 0 0 0 0 0 0 0 0.001 0.001 0.002 0.004 0.006 0.008 0.01 0.013 0.015 0.017 0.018 0.018 0.018 0.016 0.013 0.011 0.008 0.006 0.004 0.003 0.002 0.001 0.001 0 0 0 0 0 0 0 0 0 0 0 0 0 0.001 0.001 0.003 0.005 0.008 0.013 0.02 0.028 0.039 0.05 0.06 0.069 0.074 0.076 0.073 0.066 0.056 0.045 0.034 0.025 0.017 0.011 0.007 0.004
0 0 0 0 0 0 0 0 0 0 0 0 0 0 0 0 0 0 0 0 0 0 0 0 0 0 0 0 0 0 0 0 0 0 0.001 0.001 0.002 0.003 0.005 0.007 0.01 0.013 0.016 0.019 0.021 0.022 0.022 0.02 0.018 0.015 0.011 0.008 0.006 0.004 0.002 0.001 0.001 0 0 0 0 0 0 0 0 0 0 0 0 0 0 0.001 0.001 0.002 0.004 0.007 0.011 0.017 0.024 0.033 0.043 0.052 0.06 0.065 0.066 0.064 0.058 0.049 0.04 0.03 0.022 0.015 0.009 0.006 0.004
0 0 0 0 0 0 0 0 0 0 0 0 0 0 0 0 0 0 0 0 0 0 0 0 0 0 0 0 0 0 0 0 0 0.001 0.001 0.002 0.003 0.004 0.007 0.009 0.013 0.017 0.02 0.023 0.026 0.026 0.026 0.023 0.02 0.016 0.013 0.009 0.006 0.004 0.002 0.001 0.001 0 0 0 0 0 0 0 0 0 0 0 0 0 0 0 0.001 0.002 0.003 0.005 0.009 0.014 0.02 0.027 0.035 0.043 0.049 0.053 0.055 0.053 0.048 0.041 0.033 0.025 0.018 0.012 0.008 0.005 0.003
