Heavy_metals/usgrids5km/dmino.asc
NCOLS 940
NROWS 592
XLLCORNER -2405000
YLLCORNER 260000
CELLSIZE 5000
NODATA_VALUE -1
[rows 294 to 335 of 592, columns 760 to 854 of 940]
0.035 0.033 0.03 0.026 0.021 0.017 0.014 0.012 0.011 0.012 0.014 0.017 0.02 0.024 0.027 0.031 0.035 0.04 0.047 0.057 0.071 0.089 0.109 0.129 0.147 0.16 0.165 0.163 0.154 0.14 0.124 0.11 0.098 0.09 0.085 0.081 0.078 0.074 0.069 0.063 0.056 0.049 0.043 0.038 0.034 0.03 0.026 0.022 0.019 0.015 0.012 0.01 0.008 0.007 0.007 0.009 0.012 0.016 0.02 0.025 0.029 0.032 0.033 0.032 0.029 0.025 0.02 0.015 0.011 0.007 0.004 0.003 0.001 0.001 0 0 0 0 0 0 0 0 0 0 0 0 0 0 0 0 0 0 0 0 0
0.042 0.04 0.037 0.032 0.027 0.022 0.018 0.015 0.014 0.014 0.016 0.02 0.023 0.027 0.031 0.034 0.037 0.041 0.046 0.055 0.067 0.082 0.1 0.118 0.134 0.146 0.151 0.149 0.141 0.129 0.115 0.103 0.093 0.087 0.083 0.08 0.078 0.074 0.068 0.061 0.054 0.047 0.042 0.037 0.033 0.03 0.027 0.023 0.02 0.016 0.013 0.01 0.008 0.007 0.007 0.009 0.011 0.015 0.019 0.024 0.028 0.031 0.032 0.031 0.028 0.024 0.019 0.014 0.01 0.007 0.004 0.003 0.001 0.001 0 0 0 0 0 0 0 0 0 0 0 0 0 0 0 0 0 0 0 0 0
0.049 0.047 0.043 0.038 0.032 0.026 0.022 0.018 0.017 0.017 0.019 0.022 0.026 0.03 0.033 0.036 0.038 0.041 0.045 0.051 0.06 0.073 0.088 0.103 0.117 0.127 0.131 0.13 0.123 0.113 0.102 0.092 0.084 0.08 0.077 0.076 0.074 0.07 0.065 0.059 0.052 0.046 0.041 0.038 0.035 0.033 0.03 0.027 0.024 0.02 0.016 0.012 0.009 0.008 0.007 0.008 0.01 0.014 0.018 0.022 0.025 0.028 0.029 0.028 0.025 0.022 0.017 0.013 0.009 0.006 0.004 0.002 0.001 0.001 0 0 0 0 0 0 0 0 0 0 0 0 0 0 0 0 0 0 0 0 0
0.056 0.054 0.05 0.044 0.038 0.031 0.026 0.021 0.019 0.019 0.02 0.023 0.027 0.031 0.034 0.036 0.038 0.039 0.041 0.046 0.052 0.062 0.074 0.086 0.097 0.105 0.109 0.108 0.102 0.094 0.086 0.078 0.073 0.07 0.069 0.068 0.066 0.064 0.06 0.054 0.049 0.045 0.042 0.04 0.039 0.038 0.036 0.033 0.03 0.025 0.02 0.015 0.011 0.009 0.008 0.008 0.009 0.012 0.015 0.019 0.022 0.024 0.025 0.024 0.022 0.019 0.015 0.011 0.008 0.005 0.003 0.002 0.001 0.001 0 0 0 0 0 0 0 0 0 0 0 0 0 0 0 0 0 0 0 0 0
0.062 0.06 0.055 0.05 0.043 0.036 0.029 0.024 0.021 0.02 0.021 0.023 0.026 0.03 0.033 0.034 0.035 0.036 0.037 0.039 0.044 0.05 0.059 0.068 0.076 0.083 0.085 0.085 0.081 0.075 0.068 0.063 0.059 0.058 0.058 0.058 0.057 0.056 0.053 0.049 0.046 0.044 0.044 0.044 0.045 0.045 0.044 0.041 0.037 0.031 0.025 0.019 0.014 0.01 0.008 0.008 0.008 0.01 0.012 0.015 0.018 0.019 0.02 0.019 0.017 0.015 0.012 0.009 0.006 0.004 0.003 0.002 0.001 0 0 0 0 0 0 0 0 0 0 0 0 0 0 0 0 0 0 0 0 0 0
0.067 0.065 0.061 0.054 0.047 0.039 0.032 0.026 0.022 0.02 0.02 0.022 0.024 0.027 0.03 0.031 0.031 0.031 0.031 0.032 0.035 0.039 0.045 0.051 0.057 0.061 0.064 0.063 0.06 0.056 0.052 0.048 0.046 0.046 0.046 0.047 0.047 0.047 0.046 0.044 0.044 0.044 0.046 0.049 0.051 0.053 0.053 0.05 0.045 0.038 0.031 0.023 0.017 0.012 0.009 0.007 0.007 0.008 0.01 0.012 0.013 0.015 0.015 0.014 0.013 0.011 0.009 0.007 0.005 0.003 0.002 0.001 0.001 0 0 0 0 0 0 0 0 0 0 0 0 0 0 0 0 0 0 0 0 0 0
0.072 0.07 0.065 0.058 0.05 0.042 0.034 0.027 0.023 0.02 0.019 0.02 0.021 0.023 0.025 0.026 0.026 0.026 0.025 0.025 0.026 0.029 0.032 0.036 0.04 0.043 0.045 0.044 0.042 0.04 0.037 0.035 0.034 0.035 0.036 0.037 0.038 0.039 0.039 0.04 0.042 0.045 0.049 0.053 0.058 0.06 0.06 0.058 0.052 0.044 0.035 0.027 0.019 0.013 0.009 0.007 0.006 0.006 0.007 0.008 0.009 0.01 0.011 0.01 0.009 0.008 0.006 0.005 0.003 0.002 0.001 0.001 0 0 0 0 0 0 0 0 0 0 0 0 0 0 0 0 0 0 0 0 0 0 0
0.076 0.073 0.067 0.06 0.051 0.042 0.034 0.027 0.022 0.018 0.017 0.017 0.018 0.019 0.02 0.021 0.021 0.02 0.019 0.019 0.019 0.02 0.022 0.024 0.027 0.029 0.03 0.029 0.028 0.027 0.025 0.024 0.024 0.025 0.027 0.029 0.031 0.033 0.035 0.037 0.041 0.045 0.051 0.057 0.062 0.066 0.066 0.063 0.057 0.048 0.039 0.029 0.021 0.014 0.01 0.007 0.005 0.005 0.005 0.006 0.006 0.007 0.007 0.007 0.006 0.005 0.004 0.003 0.002 0.002 0.001 0.001 0 0 0 0 0 0 0 0 0 0 0 0 0 0 0 0 0 0 0 0 0 0 0
0.079 0.074 0.068 0.059 0.05 0.042 0.033 0.026 0.02 0.017 0.014 0.014 0.014 0.015 0.015 0.016 0.016 0.015 0.014 0.013 0.013 0.013 0.014 0.016 0.017 0.018 0.018 0.018 0.018 0.017 0.016 0.016 0.017 0.019 0.021 0.023 0.026 0.029 0.032 0.036 0.04 0.046 0.052 0.059 0.064 0.068 0.068 0.065 0.059 0.05 0.04 0.03 0.021 0.014 0.009 0.006 0.004 0.004 0.003 0.004 0.004 0.004 0.004 0.004 0.004 0.003 0.003 0.002 0.001 0.001 0.001 0 0 0 0 0 0 0 0 0 0 0 0 0 0 0 0 0 0 0 0 0 0 0 0
0.079 0.073 0.066 0.057 0.048 0.039 0.031 0.024 0.018 0.014 0.012 0.011 0.01 0.011 0.011 0.011 0.011 0.01 0.01 0.009 0.008 0.008 0.009 0.009 0.01 0.011 0.011 0.011 0.011 0.01 0.01 0.011 0.012 0.014 0.017 0.02 0.023 0.027 0.031 0.035 0.04 0.046 0.053 0.059 0.064 0.067 0.067 0.064 0.057 0.048 0.039 0.029 0.021 0.014 0.009 0.006 0.004 0.003 0.002 0.002 0.002 0.003 0.003 0.003 0.002 0.002 0.002 0.001 0.001 0.001 0 0 0 0 0 0 0 0 0 0 0 0 0 0 0 0 0 0 0 0 0 0 0 0 0
0.076 0.07 0.062 0.053 0.043 0.035 0.027 0.02 0.015 0.012 0.009 0.008 0.007 0.007 0.007 0.007 0.007 0.007 0.006 0.006 0.005 0.005 0.005 0.005 0.006 0.006 0.006 0.006 0.006 0.006 0.007 0.008 0.01 0.012 0.015 0.019 0.023 0.027 0.032 0.036 0.041 0.046 0.052 0.057 0.061 0.063 0.062 0.059 0.052 0.044 0.035 0.027 0.019 0.013 0.008 0.005 0.003 0.002 0.002 0.001 0.001 0.001 0.001 0.001 0.001 0.001 0.001 0.001 0 0 0 0 0 0 0 0 0 0 0 0 0 0 0 0 0 0 0 0 0 0 0 0 0 0 0
0.071 0.064 0.055 0.047 0.038 0.03 0.023 0.017 0.012 0.009 0.007 0.006 0.005 0.005 0.005 0.005 0.005 0.004 0.004 0.003 0.003 0.003 0.003 0.003 0.003 0.003 0.003 0.003 0.004 0.004 0.005 0.006 0.008 0.011 0.015 0.019 0.024 0.029 0.033 0.037 0.042 0.046 0.049 0.053 0.055 0.056 0.055 0.051 0.045 0.038 0.03 0.023 0.016 0.011 0.007 0.004 0.002 0.001 0.001 0.001 0.001 0.001 0.001 0.001 0.001 0.001 0 0 0 0 0 0 0 0 0 0 0 0 0 0 0 0 0 0 0 0 0 0 0 0 0 0 0 0 0
0.063 0.056 0.048 0.039 0.031 0.024 0.018 0.013 0.009 0.007 0.005 0.004 0.003 0.003 0.003 0.003 0.003 0.002 0.002 0.002 0.002 0.002 0.001 0.001 0.002 0.002 0.002 0.002 0.002 0.003 0.004 0.005 0.008 0.011 0.015 0.02 0.025 0.03 0.035 0.038 0.042 0.044 0.046 0.048 0.048 0.048 0.046 0.042 0.037 0.031 0.025 0.018 0.013 0.009 0.005 0.003 0.002 0.001 0.001 0 0 0 0 0 0 0 0 0 0 0 0 0 0 0 0 0 0 0 0 0 0 0 0 0 0 0 0 0 0 0 0 0 0 0 0
0.053 0.046 0.039 0.032 0.025 0.019 0.014 0.01 0.007 0.005 0.003 0.003 0.002 0.002 0.002 0.002 0.001 0.001 0.001 0.001 0.001 0.001 0.001 0.001 0.001 0.001 0.001 0.001 0.001 0.002 0.003 0.005 0.008 0.011 0.016 0.021 0.026 0.031 0.035 0.039 0.041 0.042 0.042 0.042 0.041 0.039 0.037 0.033 0.029 0.024 0.019 0.014 0.01 0.007 0.004 0.002 0.001 0.001 0 0 0 0 0 0 0 0 0 0 0 0 0 0 0 0 0 0 0 0 0 0 0 0 0 0 0 0 0 0 0 0 0 0 0 0 0
0.043 0.037 0.031 0.024 0.019 0.014 0.01 0.007 0.005 0.003 0.002 0.002 0.001 0.001 0.001 0.001 0.001 0.001 0.001 0.001 0 0 0 0 0 0 0 0.001 0.001 0.002 0.003 0.005 0.007 0.011 0.016 0.021 0.026 0.031 0.035 0.038 0.039 0.039 0.038 0.036 0.034 0.031 0.028 0.025 0.021 0.017 0.014 0.01 0.007 0.005 0.003 0.002 0.001 0.001 0 0 0 0 0 0 0 0 0 0 0 0 0 0 0 0 0 0 0 0 0 0 0 0 0 0 0 0 0 0 0 0 0 0 0 0 0
0.033 0.028 0.023 0.018 0.014 0.01 0.007 0.005 0.003 0.002 0.001 0.001 0.001 0.001 0 0 0 0 0 0 0 0 0 0 0 0 0 0 0.001 0.002 0.003 0.004 0.007 0.011 0.015 0.02 0.025 0.029 0.033 0.035 0.036 0.035 0.033 0.03 0.027 0.024 0.021 0.018 0.015 0.012 0.009 0.007 0.005 0.003 0.002 0.001 0.001 0 0 0 0 0 0 0 0 0 0 0 0 0 0 0 0 0 0 0 0 0 0 0 0 0 0 0 0 0 0 0 0 0 0 0 0 0 0
0.024 0.02 0.016 0.013 0.01 0.007 0.005 0.003 0.002 0.001 0.001 0.001 0 0 0 0 0 0 0 0 0 0 0 0 0 0 0 0 0.001 0.001 0.002 0.004 0.006 0.01 0.013 0.018 0.023 0.027 0.03 0.031 0.032 0.03 0.028 0.025 0.022 0.018 0.015 0.013 0.01 0.008 0.006 0.004 0.003 0.002 0.001 0.001 0 0 0 0 0 0 0 0 0 0 0 0 0 0 0 0 0 0 0 0 0 0 0 0 0 0 0 0 0 0 0 0 0 0 0 0 0 0 0
0.017 0.014 0.012 0.009 0.007 0.005 0.004 0.003 0.002 0.001 0.001 0 0 0 0 0 0 0 0 0 0 0 0 0 0 0 0 0 0.001 0.001 0.002 0.003 0.005 0.008 0.012 0.016 0.019 0.023 0.026 0.027 0.027 0.026 0.023 0.02 0.017 0.014 0.011 0.009 0.007 0.005 0.004 0.003 0.002 0.001 0.001 0 0 0 0 0 0 0 0 0 0 0 0 0 0 0 0 0 0 0 0 0 0 0 0 0 0 0 0 0 0 0 0 0 0 0 0 0 0 0 0
0.012 0.01 0.008 0.007 0.005 0.004 0.003 0.002 0.002 0.001 0.001 0.001 0 0 0 0 0 0 0 0 0 0 0 0 0 0 0 0 0 0.001 0.002 0.003 0.005 0.007 0.01 0.013 0.016 0.019 0.022 0.023 0.023 0.021 0.019 0.016 0.014 0.011 0.008 0.006 0.005 0.003 0.002 0.002 0.001 0.001 0 0 0 0 0 0 0 0 0 0 0 0 0 0 0 0 0 0 0 0 0 0 0 0 0 0 0 0 0 0 0 0 0 0 0 0 0 0 0 0 0
0.009 0.008 0.007 0.006 0.005 0.004 0.004 0.003 0.002 0.002 0.001 0.001 0.001 0 0 0 0 0 0 0 0 0 0 0 0 0 0 0 0 0.001 0.001 0.002 0.004 0.006 0.008 0.011 0.013 0.016 0.018 0.019 0.019 0.018 0.016 0.014 0.011 0.009 0.007 0.005 0.003 0.002 0.002 0.001 0.001 0 0 0 0 0 0 0 0 0 0 0 0 0 0 0 0 0 0 0 0 0 0 0 0 0 0 0 0 0 0 0 0 0 0 0 0 0 0 0 0 0 0
0.008 0.008 0.007 0.007 0.006 0.006 0.005 0.005 0.004 0.003 0.002 0.001 0.001 0.001 0 0 0 0 0 0 0 0 0 0 0 0 0 0 0 0.001 0.001 0.002 0.003 0.005 0.007 0.009 0.011 0.014 0.016 0.017 0.017 0.017 0.015 0.013 0.011 0.008 0.006 0.004 0.003 0.002 0.001 0.001 0 0 0 0 0 0 0 0 0 0 0 0 0 0 0 0 0 0 0 0 0 0 0 0 0 0 0 0 0 0 0 0 0 0 0 0 0 0 0 0 0 0 0
0.009 0.009 0.009 0.009 0.01 0.009 0.009 0.007 0.006 0.005 0.004 0.002 0.002 0.001 0.001 0.001 0.001 0.001 0.001 0.001 0.001 0.001 0.001 0.001 0 0 0 0 0 0.001 0.001 0.002 0.003 0.004 0.006 0.008 0.01 0.013 0.015 0.017 0.017 0.017 0.016 0.014 0.012 0.009 0.007 0.005 0.003 0.002 0.001 0.001 0 0 0 0 0 0 0 0 0 0 0 0 0 0 0 0 0 0 0 0 0 0 0 0 0 0 0 0 0 0 0 0 0 0 0 0 0 0 0 0 0 0 0
0.012 0.012 0.013 0.014 0.015 0.014 0.013 0.012 0.01 0.008 0.006 0.004 0.003 0.002 0.001 0.001 0.001 0.001 0.001 0.001 0.002 0.001 0.001 0.001 0.001 0.001 0.001 0.001 0.001 0.001 0.001 0.002 0.003 0.004 0.006 0.008 0.011 0.013 0.016 0.018 0.019 0.019 0.018 0.016 0.013 0.011 0.008 0.006 0.004 0.002 0.001 0.001 0 0 0 0 0 0 0 0 0 0 0 0 0 0 0 0 0 0 0 0 0 0 0 0 0 0 0 0 0 0 0 0 0 0 0 0 0 0 0 0 0 0 0
0.016 0.017 0.019 0.021 0.022 0.021 0.02 0.018 0.015 0.012 0.009 0.006 0.004 0.003 0.002 0.002 0.002 0.002 0.003 0.003 0.003 0.003 0.003 0.002 0.002 0.002 0.001 0.001 0.001 0.001 0.002 0.003 0.004 0.005 0.007 0.009 0.012 0.015 0.018 0.021 0.022 0.022 0.021 0.019 0.016 0.013 0.01 0.007 0.005 0.003 0.002 0.001 0 0 0 0 0 0 0 0 0 0 0 0 0 0 0 0 0 0 0 0 0 0 0 0 0 0 0 0 0 0 0 0 0 0 0 0 0 0 0 0 0 0 0
0.021 0.024 0.026 0.029 0.03 0.03 0.028 0.025 0.021 0.017 0.012 0.009 0.006 0.005 0.004 0.004 0.004 0.004 0.005 0.005 0.005 0.005 0.005 0.004 0.003 0.003 0.002 0.002 0.002 0.002 0.003 0.004 0.005 0.006 0.009 0.011 0.014 0.018 0.021 0.024 0.026 0.026 0.025 0.023 0.019 0.015 0.012 0.008 0.005 0.003 0.002 0.001 0.001 0 0 0 0 0 0 0 0 0 0 0 0 0 0 0 0 0 0 0 0 0 0 0 0 0 0 0 0 0 0 0 0 0 0 0 0 0 0 0 0 0 0
0.027 0.031 0.035 0.038 0.04 0.04 0.038 0.034 0.028 0.022 0.017 0.012 0.009 0.007 0.006 0.006 0.006 0.007 0.008 0.009 0.009 0.009 0.008 0.007 0.006 0.005 0.004 0.003 0.003 0.004 0.004 0.005 0.007 0.009 0.011 0.014 0.017 0.021 0.024 0.028 0.03 0.03 0.029 0.026 0.022 0.018 0.013 0.009 0.006 0.004 0.002 0.001 0.001 0 0 0 0 0 0 0 0 0 0 0 0 0 0 0 0 0 0 0 0 0 0 0 0 0 0 0 0 0 0 0 0 0 0 0 0 0 0 0 0 0 0
0.033 0.038 0.044 0.048 0.051 0.051 0.048 0.043 0.036 0.029 0.022 0.016 0.012 0.01 0.009 0.009 0.01 0.011 0.013 0.014 0.014 0.014 0.013 0.011 0.009 0.007 0.006 0.005 0.005 0.006 0.007 0.008 0.01 0.012 0.014 0.017 0.02 0.024 0.027 0.031 0.033 0.033 0.031 0.028 0.024 0.019 0.015 0.01 0.007 0.004 0.003 0.001 0.001 0 0 0 0 0 0 0 0 0 0 0 0 0 0 0 0 0 0 0 0 0 0 0 0 0 0 0 0 0 0 0 0 0 0 0 0 0 0 0 0 0 0
0.038 0.045 0.051 0.057 0.06 0.061 0.058 0.052 0.044 0.036 0.028 0.021 0.016 0.013 0.012 0.013 0.015 0.017 0.019 0.021 0.021 0.021 0.019 0.016 0.014 0.011 0.009 0.008 0.008 0.008 0.01 0.011 0.013 0.015 0.017 0.02 0.023 0.026 0.03 0.032 0.034 0.034 0.033 0.029 0.025 0.02 0.015 0.011 0.007 0.004 0.003 0.001 0.001 0 0 0 0 0 0 0 0 0 0 0 0 0 0 0 0 0 0 0 0 0 0 0 0 0 0 0 0 0 0 0 0 0 0 0 0 0 0 0 0 0 0
0.042 0.049 0.057 0.064 0.068 0.069 0.066 0.06 0.052 0.042 0.034 0.026 0.021 0.018 0.017 0.018 0.021 0.024 0.027 0.029 0.03 0.029 0.027 0.023 0.019 0.016 0.013 0.011 0.011 0.012 0.013 0.015 0.017 0.019 0.021 0.024 0.026 0.028 0.031 0.033 0.034 0.034 0.032 0.029 0.024 0.019 0.015 0.01 0.007 0.004 0.003 0.001 0.001 0 0 0 0 0 0 0 0 0 0 0 0 0 0 0 0 0 0 0 0 0 0 0 0 0 0 0 0 0 0 0 0 0 0 0 0 0 0 0 0 0 0
0.044 0.052 0.061 0.068 0.073 0.075 0.073 0.067 0.059 0.05 0.04 0.032 0.027 0.023 0.023 0.024 0.028 0.032 0.036 0.039 0.04 0.039 0.035 0.031 0.026 0.021 0.017 0.015 0.015 0.015 0.017 0.02 0.022 0.024 0.025 0.027 0.028 0.029 0.031 0.032 0.032 0.031 0.029 0.026 0.022 0.018 0.013 0.009 0.006 0.004 0.002 0.001 0.001 0 0 0 0 0 0 0 0 0 0 0.001 0.001 0 0 0 0 0 0 0 0 0 0 0 0 0 0 0 0 0 0 0 0 0 0 0 0 0 0 0 0 0 0
0.043 0.052 0.062 0.07 0.077 0.079 0.078 0.074 0.066 0.057 0.048 0.04 0.034 0.03 0.03 0.032 0.036 0.041 0.046 0.049 0.05 0.048 0.044 0.038 0.032 0.026 0.021 0.019 0.018 0.019 0.021 0.024 0.026 0.028 0.029 0.03 0.03 0.03 0.03 0.03 0.029 0.028 0.026 0.023 0.019 0.015 0.011 0.008 0.005 0.003 0.002 0.001 0.001 0 0 0 0 0 0 0.001 0.001 0.001 0.001 0.001 0.001 0.001 0.001 0.001 0.001 0 0 0 0 0 0 0 0 0 0 0 0 0 0 0 0 0 0 0 0 0 0 0 0 0 0
0.041 0.051 0.061 0.07 0.078 0.082 0.083 0.08 0.074 0.066 0.058 0.049 0.043 0.038 0.037 0.039 0.043 0.049 0.054 0.058 0.059 0.057 0.052 0.045 0.037 0.03 0.025 0.022 0.021 0.022 0.025 0.028 0.03 0.032 0.032 0.032 0.031 0.029 0.028 0.027 0.025 0.024 0.021 0.019 0.016 0.012 0.009 0.006 0.004 0.003 0.002 0.001 0 0 0 0 0 0.001 0.001 0.001 0.001 0.002 0.002 0.002 0.002 0.002 0.002 0.002 0.001 0.001 0.001 0 0 0 0 0 0 0 0 0 0 0 0 0 0 0 0 0 0 0 0 0 0 0 0
0.039 0.048 0.059 0.069 0.078 0.085 0.088 0.087 0.084 0.077 0.069 0.061 0.053 0.048 0.046 0.047 0.05 0.055 0.061 0.064 0.065 0.063 0.057 0.05 0.041 0.034 0.028 0.024 0.023 0.025 0.027 0.03 0.033 0.034 0.034 0.033 0.031 0.028 0.026 0.023 0.021 0.019 0.017 0.015 0.012 0.009 0.007 0.005 0.003 0.002 0.001 0.001 0 0 0 0 0.001 0.001 0.001 0.002 0.003 0.003 0.004 0.004 0.004 0.004 0.003 0.003 0.002 0.002 0.001 0.001 0 0 0 0 0 0 0 0 0 0 0 0 0 0 0 0 0 0 0 0 0 0 0
0.036 0.045 0.057 0.068 0.079 0.088 0.093 0.096 0.094 0.09 0.082 0.074 0.065 0.058 0.054 0.053 0.056 0.06 0.064 0.068 0.068 0.066 0.06 0.052 0.043 0.035 0.029 0.025 0.024 0.026 0.028 0.031 0.033 0.034 0.034 0.032 0.029 0.026 0.023 0.02 0.017 0.015 0.013 0.011 0.009 0.007 0.005 0.004 0.002 0.001 0.001 0.001 0 0 0 0.001 0.001 0.002 0.003 0.004 0.005 0.006 0.006 0.007 0.007 0.007 0.006 0.005 0.004 0.003 0.002 0.001 0.001 0 0 0 0 0 0 0 0 0 0 0 0 0 0 0 0 0 0 0 0 0 0
0.033 0.043 0.055 0.068 0.08 0.091 0.1 0.105 0.106 0.103 0.097 0.088 0.078 0.069 0.062 0.059 0.059 0.062 0.065 0.068 0.068 0.065 0.06 0.052 0.043 0.035 0.029 0.025 0.024 0.025 0.027 0.03 0.032 0.033 0.032 0.03 0.027 0.023 0.02 0.016 0.014 0.011 0.009 0.008 0.006 0.005 0.003 0.002 0.002 0.001 0.001 0 0 0 0.001 0.001 0.002 0.003 0.004 0.006 0.008 0.009 0.01 0.011 0.011 0.011 0.01 0.008 0.006 0.005 0.003 0.002 0.001 0.001 0 0 0 0 0 0 0 0 0 0 0 0 0 0 0 0 0 0 0 0 0
0.032 0.043 0.055 0.069 0.083 0.096 0.107 0.115 0.118 0.117 0.11 0.101 0.09 0.078 0.07 0.064 0.061 0.062 0.064 0.065 0.065 0.062 0.057 0.05 0.042 0.034 0.028 0.025 0.023 0.024 0.025 0.028 0.029 0.03 0.029 0.027 0.024 0.02 0.017 0.013 0.011 0.008 0.007 0.005 0.004 0.003 0.002 0.001 0.001 0.001 0 0 0 0.001 0.001 0.002 0.003 0.005 0.007 0.009 0.012 0.014 0.016 0.017 0.017 0.016 0.015 0.012 0.01 0.007 0.005 0.003 0.002 0.001 0.001 0 0 0 0 0 0 0 0 0 0 0 0 0 0 0 0 0 0 0 0
0.033 0.044 0.057 0.071 0.086 0.101 0.114 0.123 0.128 0.127 0.122 0.112 0.099 0.086 0.075 0.067 0.062 0.061 0.061 0.062 0.061 0.059 0.054 0.047 0.04 0.033 0.028 0.024 0.022 0.022 0.023 0.024 0.025 0.026 0.025 0.023 0.02 0.017 0.013 0.01 0.008 0.006 0.004 0.003 0.003 0.002 0.001 0.001 0.001 0 0 0 0 0.001 0.002 0.003 0.004 0.007 0.01 0.013 0.017 0.021 0.023 0.025 0.025 0.024 0.021 0.018 0.014 0.01 0.007 0.005 0.003 0.002 0.001 0 0 0 0 0 0 0 0 0 0 0 0 0 0 0 0 0 0 0 0
0.036 0.047 0.06 0.074 0.089 0.104 0.118 0.128 0.134 0.134 0.129 0.118 0.105 0.091 0.078 0.068 0.062 0.059 0.058 0.058 0.058 0.056 0.052 0.046 0.04 0.033 0.028 0.023 0.021 0.02 0.02 0.02 0.021 0.021 0.02 0.018 0.016 0.013 0.01 0.008 0.006 0.004 0.003 0.002 0.002 0.001 0.001 0.001 0 0 0 0 0.001 0.001 0.002 0.004 0.006 0.009 0.013 0.018 0.023 0.028 0.032 0.034 0.034 0.032 0.029 0.024 0.019 0.014 0.01 0.006 0.004 0.002 0.001 0.001 0 0 0 0 0 0 0 0 0 0 0 0 0 0 0 0 0 0 0
0.039 0.051 0.063 0.077 0.092 0.106 0.119 0.129 0.135 0.135 0.13 0.12 0.107 0.092 0.079 0.069 0.062 0.058 0.057 0.057 0.057 0.056 0.052 0.048 0.042 0.035 0.029 0.024 0.021 0.019 0.017 0.017 0.017 0.016 0.015 0.014 0.012 0.01 0.007 0.006 0.004 0.003 0.002 0.001 0.001 0.001 0 0 0 0 0 0 0.001 0.001 0.003 0.005 0.008 0.012 0.017 0.023 0.03 0.036 0.041 0.044 0.044 0.041 0.037 0.031 0.024 0.018 0.012 0.008 0.005 0.003 0.002 0.001 0 0 0 0 0 0 0 0 0 0 0 0 0 0 0 0 0 0 0
0.045 0.056 0.068 0.08 0.093 0.106 0.117 0.125 0.13 0.13 0.125 0.116 0.104 0.09 0.078 0.069 0.063 0.06 0.059 0.06 0.06 0.06 0.057 0.053 0.047 0.04 0.034 0.027 0.022 0.019 0.016 0.014 0.013 0.012 0.011 0.01 0.008 0.007 0.005 0.004 0.003 0.002 0.001 0.001 0.001 0 0 0 0 0 0 0 0.001 0.002 0.003 0.006 0.009 0.014 0.021 0.028 0.036 0.043 0.049 0.052 0.053 0.05 0.044 0.037 0.029 0.021 0.015 0.01 0.006 0.003 0.002 0.001 0 0 0 0 0 0 0 0 0 0 0 0 0 0 0 0 0 0 0
0.053 0.063 0.073 0.084 0.094 0.103 0.112 0.118 0.121 0.121 0.116 0.108 0.098 0.087 0.077 0.07 0.065 0.064 0.065 0.067 0.069 0.069 0.067 0.063 0.056 0.048 0.04 0.032 0.025 0.02 0.016 0.013 0.011 0.009 0.008 0.007 0.006 0.005 0.003 0.002 0.002 0.001 0.001 0 0 0 0 0 0 0 0 0 0.001 0.002 0.004 0.006 0.01 0.016 0.023 0.032 0.041 0.049 0.056 0.059 0.059 0.056 0.05 0.041 0.032 0.024 0.016 0.011 0.007 0.004 0.002 0.001 0 0 0 0 0 0 0 0 0 0 0 0 0 0 0 0 0 0 0
0.062 0.072 0.08 0.088 0.095 0.101 0.106 0.109 0.11 0.108 0.104 0.098 0.09 0.082 0.076 0.072 0.071 0.072 0.075 0.079 0.082 0.082 0.081 0.076 0.068 0.059 0.049 0.039 0.03 0.022 0.016 0.012 0.009 0.007 0.006 0.005 0.004 0.003 0.002 0.002 0.001 0.001 0 0 0 0 0 0 0 0 0 0.001 0.001 0.002 0.004 0.007 0.011 0.017 0.025 0.034 0.044 0.052 0.059 0.063 0.063 0.059 0.053 0.044 0.034 0.025 0.017 0.011 0.007 0.004 0.002 0.001 0.001 0 0 0 0 0 0 0 0 0 0 0 0 0 0 0 0 0 0
