Heavy_metals/usgrids5km/dmino.asc
NCOLS 940
NROWS 592
XLLCORNER -2405000
YLLCORNER 260000
CELLSIZE 5000
NODATA_VALUE -1
[rows 294 to 335 of 592, columns 570 to 664 of 940]
0.006 0.01 0.016 0.025 0.037 0.052 0.069 0.087 0.105 0.121 0.131 0.136 0.135 0.127 0.114 0.097 0.079 0.062 0.047 0.034 0.024 0.016 0.011 0.007 0.005 0.003 0.002 0.001 0.001 0 0 0 0 0 0 0 0 0 0 0 0 0 0 0 0 0 0 0 0 0 0 0 0 0 0 0 0 0.001 0.001 0.001 0.002 0.004 0.006 0.01 0.015 0.021 0.028 0.035 0.041 0.046 0.048 0.048 0.045 0.04 0.033 0.027 0.022 0.018 0.016 0.018 0.022 0.031 0.043 0.058 0.074 0.089 0.101 0.109 0.11 0.105 0.095 0.08 0.064 0.048 0.034
0.006 0.011 0.017 0.026 0.039 0.053 0.07 0.088 0.105 0.12 0.129 0.133 0.131 0.122 0.109 0.093 0.075 0.058 0.043 0.031 0.021 0.014 0.009 0.006 0.004 0.002 0.001 0.001 0 0 0 0 0 0 0 0 0 0 0 0 0 0 0 0 0 0 0 0 0 0 0 0 0 0 0 0 0.001 0.001 0.001 0.001 0.002 0.003 0.005 0.008 0.011 0.015 0.02 0.025 0.029 0.033 0.034 0.034 0.032 0.028 0.023 0.019 0.015 0.013 0.013 0.016 0.021 0.031 0.044 0.06 0.077 0.094 0.109 0.118 0.121 0.116 0.106 0.09 0.073 0.055 0.039
0.007 0.012 0.019 0.029 0.041 0.056 0.072 0.089 0.104 0.117 0.125 0.127 0.123 0.114 0.101 0.085 0.069 0.053 0.039 0.027 0.018 0.012 0.007 0.004 0.003 0.002 0.001 0 0 0 0 0 0 0 0 0 0 0 0 0 0 0 0 0 0 0 0 0 0 0 0 0 0 0 0 0.001 0.001 0.001 0.001 0.002 0.002 0.003 0.005 0.007 0.009 0.012 0.016 0.019 0.022 0.025 0.026 0.025 0.023 0.021 0.017 0.014 0.012 0.01 0.011 0.014 0.021 0.031 0.044 0.061 0.08 0.099 0.115 0.126 0.131 0.127 0.116 0.1 0.081 0.062 0.045
0.008 0.014 0.021 0.032 0.044 0.059 0.075 0.091 0.104 0.114 0.119 0.119 0.114 0.104 0.091 0.076 0.06 0.046 0.033 0.023 0.015 0.01 0.006 0.004 0.002 0.001 0.001 0 0 0 0 0 0 0 0 0 0 0 0 0 0 0 0 0 0 0 0 0 0 0 0 0 0 0 0.001 0.001 0.001 0.002 0.002 0.003 0.004 0.004 0.005 0.007 0.009 0.011 0.014 0.017 0.02 0.021 0.022 0.022 0.02 0.018 0.015 0.012 0.01 0.009 0.01 0.013 0.02 0.03 0.044 0.062 0.082 0.102 0.12 0.133 0.138 0.136 0.125 0.109 0.089 0.068 0.05
0.01 0.016 0.025 0.036 0.049 0.064 0.08 0.094 0.105 0.113 0.115 0.113 0.105 0.094 0.081 0.066 0.052 0.039 0.028 0.019 0.013 0.008 0.005 0.003 0.001 0.001 0 0 0 0 0 0 0 0 0 0 0 0 0 0 0 0 0 0 0 0 0 0 0 0 0 0 0 0.001 0.001 0.002 0.002 0.003 0.004 0.005 0.005 0.006 0.007 0.009 0.011 0.013 0.016 0.019 0.021 0.023 0.023 0.023 0.021 0.019 0.015 0.012 0.01 0.009 0.01 0.013 0.019 0.029 0.044 0.062 0.082 0.103 0.122 0.136 0.142 0.14 0.13 0.114 0.094 0.072 0.053
0.012 0.019 0.028 0.04 0.055 0.07 0.085 0.099 0.108 0.113 0.113 0.108 0.098 0.086 0.072 0.058 0.044 0.033 0.023 0.016 0.01 0.006 0.004 0.002 0.001 0.001 0 0 0 0 0 0 0 0 0 0 0 0 0 0 0 0 0 0 0 0 0 0 0 0 0 0 0.001 0.001 0.002 0.002 0.003 0.005 0.006 0.007 0.008 0.01 0.011 0.012 0.014 0.017 0.02 0.023 0.026 0.028 0.028 0.028 0.025 0.022 0.018 0.015 0.012 0.01 0.01 0.013 0.019 0.028 0.042 0.059 0.08 0.101 0.12 0.134 0.141 0.14 0.13 0.114 0.094 0.073 0.054
0.015 0.023 0.033 0.046 0.061 0.077 0.092 0.105 0.113 0.116 0.113 0.106 0.094 0.08 0.066 0.052 0.039 0.028 0.019 0.013 0.008 0.005 0.003 0.002 0.001 0 0 0 0 0 0 0 0 0 0 0 0 0 0 0 0 0 0 0 0 0 0 0 0 0 0 0.001 0.001 0.002 0.002 0.004 0.005 0.007 0.009 0.011 0.012 0.014 0.016 0.017 0.02 0.023 0.026 0.03 0.033 0.035 0.036 0.035 0.032 0.028 0.023 0.018 0.014 0.011 0.011 0.013 0.018 0.026 0.039 0.055 0.075 0.094 0.113 0.127 0.134 0.133 0.125 0.11 0.091 0.071 0.052
0.018 0.026 0.037 0.051 0.066 0.083 0.098 0.11 0.117 0.119 0.115 0.106 0.093 0.078 0.063 0.048 0.036 0.025 0.017 0.011 0.007 0.004 0.002 0.001 0.001 0 0 0 0 0 0 0 0 0 0 0 0 0 0 0 0 0 0 0 0 0 0 0 0 0 0 0.001 0.001 0.002 0.004 0.005 0.008 0.01 0.013 0.015 0.017 0.019 0.021 0.024 0.026 0.03 0.034 0.038 0.042 0.044 0.045 0.043 0.04 0.034 0.028 0.022 0.017 0.013 0.011 0.012 0.016 0.024 0.035 0.049 0.067 0.085 0.101 0.114 0.121 0.121 0.113 0.1 0.083 0.065 0.047
0.022 0.03 0.041 0.055 0.07 0.087 0.102 0.113 0.12 0.121 0.116 0.106 0.093 0.077 0.062 0.047 0.035 0.024 0.016 0.011 0.007 0.004 0.002 0.001 0.001 0 0 0 0 0 0 0 0 0 0 0 0 0 0 0 0 0 0 0 0 0 0 0 0 0 0.001 0.001 0.002 0.003 0.005 0.007 0.01 0.014 0.017 0.02 0.023 0.026 0.028 0.03 0.033 0.037 0.041 0.046 0.05 0.053 0.054 0.052 0.047 0.041 0.033 0.026 0.02 0.015 0.012 0.012 0.014 0.02 0.03 0.042 0.057 0.072 0.087 0.098 0.104 0.104 0.097 0.086 0.071 0.056 0.041
0.025 0.034 0.044 0.058 0.073 0.088 0.103 0.114 0.12 0.121 0.117 0.107 0.094 0.079 0.063 0.048 0.036 0.025 0.017 0.011 0.007 0.004 0.002 0.001 0.001 0 0 0 0 0 0 0 0 0 0 0 0 0 0 0 0 0 0 0 0 0 0 0 0 0 0.001 0.001 0.003 0.004 0.007 0.01 0.013 0.018 0.022 0.026 0.029 0.032 0.035 0.037 0.04 0.044 0.048 0.053 0.057 0.06 0.061 0.058 0.053 0.046 0.037 0.029 0.021 0.016 0.012 0.011 0.012 0.017 0.024 0.034 0.046 0.058 0.07 0.079 0.084 0.084 0.079 0.07 0.058 0.046 0.033
0.03 0.038 0.048 0.06 0.073 0.087 0.1 0.111 0.117 0.119 0.115 0.106 0.094 0.08 0.065 0.051 0.038 0.027 0.018 0.012 0.007 0.004 0.002 0.001 0.001 0 0 0 0 0 0 0 0 0 0 0 0 0 0 0 0 0 0 0 0 0 0 0 0 0.001 0.001 0.002 0.003 0.005 0.008 0.012 0.017 0.022 0.027 0.032 0.035 0.038 0.041 0.043 0.045 0.049 0.053 0.058 0.062 0.065 0.065 0.062 0.056 0.048 0.039 0.03 0.022 0.016 0.012 0.01 0.01 0.013 0.018 0.026 0.035 0.044 0.053 0.06 0.064 0.064 0.061 0.054 0.045 0.035 0.026
0.036 0.042 0.05 0.061 0.072 0.084 0.095 0.105 0.111 0.113 0.111 0.104 0.094 0.081 0.068 0.054 0.041 0.03 0.021 0.013 0.008 0.005 0.003 0.001 0.001 0 0 0 0 0 0 0 0 0 0 0 0 0 0 0 0 0 0 0 0 0 0 0 0 0.001 0.001 0.002 0.004 0.007 0.01 0.015 0.02 0.026 0.032 0.037 0.041 0.044 0.046 0.047 0.049 0.051 0.055 0.059 0.063 0.065 0.065 0.062 0.056 0.048 0.039 0.03 0.022 0.015 0.011 0.009 0.008 0.01 0.013 0.019 0.025 0.032 0.038 0.043 0.046 0.046 0.044 0.039 0.032 0.025 0.019
0.043 0.047 0.054 0.061 0.07 0.079 0.088 0.096 0.102 0.105 0.104 0.1 0.092 0.082 0.069 0.056 0.044 0.032 0.023 0.015 0.01 0.006 0.003 0.002 0.001 0 0 0 0 0 0 0 0 0 0 0 0 0 0 0 0 0 0 0 0 0 0 0 0 0.001 0.002 0.003 0.005 0.008 0.012 0.017 0.023 0.03 0.036 0.041 0.045 0.047 0.049 0.049 0.05 0.052 0.054 0.057 0.06 0.062 0.061 0.058 0.053 0.045 0.036 0.028 0.02 0.014 0.01 0.007 0.006 0.007 0.009 0.013 0.017 0.022 0.026 0.029 0.031 0.031 0.03 0.026 0.022 0.017 0.013
0.052 0.054 0.058 0.063 0.068 0.074 0.081 0.087 0.092 0.095 0.096 0.094 0.089 0.08 0.07 0.058 0.046 0.034 0.024 0.016 0.011 0.006 0.004 0.002 0.001 0.001 0 0 0 0 0 0 0 0 0 0 0 0 0 0 0 0 0 0 0 0 0 0 0.001 0.001 0.002 0.003 0.006 0.009 0.014 0.019 0.026 0.033 0.039 0.044 0.048 0.05 0.05 0.05 0.049 0.049 0.051 0.053 0.054 0.055 0.055 0.052 0.046 0.04 0.032 0.024 0.018 0.012 0.008 0.006 0.005 0.005 0.006 0.008 0.011 0.014 0.017 0.019 0.02 0.02 0.019 0.017 0.014 0.011 0.008
0.064 0.063 0.064 0.065 0.067 0.07 0.073 0.077 0.082 0.085 0.087 0.087 0.083 0.077 0.068 0.058 0.046 0.035 0.025 0.017 0.011 0.007 0.004 0.002 0.001 0.001 0.001 0 0 0 0 0 0 0 0 0 0 0 0 0 0 0 0 0 0 0 0 0 0.001 0.001 0.002 0.004 0.007 0.01 0.015 0.021 0.028 0.035 0.042 0.046 0.049 0.05 0.05 0.048 0.046 0.045 0.045 0.046 0.047 0.047 0.046 0.043 0.039 0.033 0.026 0.02 0.014 0.01 0.007 0.004 0.003 0.003 0.004 0.005 0.006 0.008 0.01 0.011 0.012 0.012 0.011 0.01 0.008 0.007 0.005
0.08 0.076 0.072 0.069 0.067 0.066 0.067 0.069 0.072 0.075 0.078 0.078 0.077 0.072 0.065 0.055 0.045 0.035 0.025 0.018 0.012 0.008 0.005 0.003 0.002 0.001 0.001 0.001 0.001 0 0 0 0 0 0 0 0 0 0 0 0 0 0 0 0 0 0 0 0.001 0.001 0.003 0.004 0.007 0.011 0.017 0.023 0.03 0.037 0.043 0.047 0.05 0.05 0.048 0.045 0.042 0.04 0.038 0.038 0.038 0.037 0.036 0.034 0.03 0.025 0.02 0.016 0.011 0.008 0.005 0.003 0.002 0.002 0.002 0.003 0.004 0.005 0.006 0.006 0.007 0.007 0.006 0.006 0.005 0.004 0.003
0.101 0.092 0.083 0.076 0.07 0.065 0.063 0.062 0.063 0.065 0.068 0.069 0.068 0.065 0.059 0.051 0.042 0.033 0.025 0.018 0.012 0.008 0.006 0.004 0.003 0.002 0.002 0.001 0.001 0.001 0.001 0.001 0 0 0 0 0 0 0 0 0 0 0 0 0 0 0 0 0.001 0.001 0.003 0.005 0.008 0.012 0.017 0.024 0.031 0.038 0.043 0.047 0.048 0.048 0.045 0.041 0.037 0.034 0.031 0.03 0.029 0.028 0.027 0.025 0.022 0.019 0.015 0.011 0.008 0.006 0.004 0.002 0.002 0.001 0.001 0.002 0.002 0.002 0.003 0.003 0.004 0.004 0.003 0.003 0.003 0.002 0.001
0.129 0.113 0.099 0.086 0.075 0.066 0.06 0.057 0.056 0.057 0.058 0.06 0.059 0.057 0.052 0.046 0.038 0.03 0.023 0.017 0.013 0.009 0.007 0.005 0.004 0.004 0.003 0.003 0.002 0.002 0.002 0.001 0.001 0.001 0.001 0 0 0 0 0 0 0 0 0 0 0 0 0 0.001 0.002 0.003 0.005 0.008 0.012 0.018 0.024 0.031 0.037 0.042 0.045 0.046 0.045 0.041 0.037 0.032 0.028 0.025 0.023 0.021 0.02 0.019 0.017 0.015 0.013 0.01 0.008 0.006 0.004 0.002 0.002 0.001 0.001 0.001 0.001 0.001 0.001 0.001 0.002 0.002 0.002 0.002 0.002 0.001 0.001 0.001
0.163 0.14 0.118 0.099 0.083 0.07 0.061 0.054 0.051 0.05 0.05 0.05 0.05 0.048 0.045 0.039 0.034 0.027 0.022 0.017 0.014 0.011 0.009 0.008 0.007 0.007 0.006 0.005 0.004 0.004 0.003 0.002 0.002 0.002 0.001 0.001 0.001 0.001 0 0 0 0 0 0 0 0 0 0 0.001 0.002 0.003 0.005 0.008 0.012 0.017 0.023 0.029 0.035 0.04 0.042 0.043 0.041 0.037 0.032 0.027 0.023 0.019 0.017 0.015 0.014 0.013 0.011 0.01 0.008 0.007 0.005 0.004 0.002 0.002 0.001 0.001 0 0 0 0 0.001 0.001 0.001 0.001 0.001 0.001 0.001 0.001 0 0
0.203 0.172 0.142 0.117 0.095 0.077 0.064 0.054 0.048 0.044 0.042 0.041 0.041 0.039 0.037 0.033 0.029 0.025 0.021 0.018 0.016 0.015 0.014 0.013 0.012 0.011 0.01 0.009 0.008 0.007 0.006 0.005 0.004 0.003 0.002 0.002 0.001 0.001 0.001 0.001 0.001 0 0 0 0 0 0 0 0.001 0.002 0.003 0.005 0.007 0.011 0.016 0.021 0.027 0.032 0.036 0.038 0.038 0.036 0.032 0.027 0.022 0.018 0.015 0.012 0.01 0.009 0.008 0.007 0.006 0.005 0.004 0.003 0.002 0.001 0.001 0.001 0 0 0 0 0 0 0 0 0 0 0 0 0 0 0
0.248 0.208 0.17 0.137 0.109 0.086 0.069 0.056 0.046 0.04 0.036 0.034 0.032 0.031 0.029 0.027 0.025 0.023 0.021 0.02 0.02 0.02 0.02 0.02 0.02 0.018 0.017 0.015 0.013 0.011 0.01 0.008 0.007 0.005 0.004 0.003 0.003 0.002 0.002 0.001 0.001 0.001 0.001 0 0 0 0 0.001 0.001 0.001 0.002 0.004 0.007 0.01 0.014 0.019 0.024 0.028 0.031 0.033 0.032 0.03 0.027 0.022 0.018 0.014 0.011 0.008 0.007 0.006 0.005 0.004 0.004 0.003 0.002 0.002 0.001 0.001 0.001 0 0 0 0 0 0 0 0 0 0 0 0 0 0 0 0
0.295 0.245 0.198 0.158 0.124 0.097 0.075 0.059 0.046 0.037 0.032 0.028 0.026 0.024 0.023 0.022 0.022 0.022 0.023 0.025 0.027 0.029 0.03 0.031 0.03 0.029 0.027 0.024 0.021 0.018 0.016 0.013 0.011 0.009 0.007 0.006 0.005 0.004 0.003 0.002 0.002 0.002 0.001 0.001 0.001 0.001 0.001 0.001 0.001 0.001 0.002 0.004 0.006 0.008 0.012 0.016 0.02 0.023 0.026 0.027 0.026 0.025 0.021 0.018 0.014 0.011 0.008 0.006 0.004 0.004 0.003 0.002 0.002 0.002 0.001 0.001 0.001 0 0 0 0 0 0 0 0 0 0 0 0 0 0 0 0 0 0
0.338 0.28 0.226 0.179 0.139 0.108 0.082 0.062 0.047 0.036 0.028 0.024 0.021 0.019 0.019 0.019 0.021 0.023 0.027 0.031 0.036 0.04 0.043 0.044 0.044 0.043 0.04 0.036 0.032 0.028 0.024 0.02 0.017 0.014 0.011 0.009 0.008 0.006 0.005 0.004 0.003 0.003 0.002 0.002 0.001 0.001 0.001 0.001 0.001 0.001 0.002 0.003 0.005 0.007 0.009 0.012 0.016 0.018 0.02 0.021 0.021 0.019 0.017 0.014 0.011 0.008 0.006 0.004 0.003 0.002 0.002 0.001 0.001 0.001 0.001 0 0 0 0 0 0 0 0 0 0 0 0 0 0 0 0 0 0 0 0
0.374 0.309 0.249 0.196 0.152 0.117 0.088 0.066 0.048 0.035 0.026 0.02 0.017 0.016 0.016 0.018 0.021 0.026 0.032 0.04 0.047 0.053 0.058 0.061 0.061 0.059 0.056 0.052 0.046 0.041 0.035 0.03 0.025 0.021 0.017 0.014 0.012 0.01 0.008 0.007 0.006 0.004 0.004 0.003 0.002 0.002 0.002 0.002 0.002 0.002 0.002 0.003 0.004 0.005 0.007 0.009 0.012 0.014 0.015 0.016 0.015 0.014 0.012 0.01 0.008 0.006 0.004 0.003 0.002 0.001 0.001 0.001 0.001 0 0 0 0 0 0 0 0 0 0 0 0 0 0 0 0 0 0 0 0 0 0
0.399 0.329 0.264 0.207 0.16 0.122 0.092 0.068 0.049 0.035 0.025 0.018 0.015 0.013 0.014 0.018 0.023 0.03 0.039 0.049 0.059 0.068 0.074 0.079 0.08 0.078 0.075 0.069 0.062 0.055 0.048 0.041 0.035 0.029 0.025 0.021 0.018 0.015 0.012 0.01 0.009 0.007 0.006 0.005 0.004 0.004 0.003 0.003 0.002 0.002 0.002 0.002 0.003 0.004 0.005 0.007 0.008 0.01 0.011 0.011 0.011 0.01 0.008 0.007 0.005 0.004 0.003 0.002 0.001 0.001 0.001 0 0 0 0 0 0 0 0 0 0 0 0 0 0 0 0 0 0 0 0 0 0 0 0
0.408 0.336 0.269 0.211 0.163 0.124 0.093 0.068 0.048 0.034 0.023 0.017 0.013 0.012 0.014 0.018 0.025 0.034 0.045 0.058 0.07 0.082 0.091 0.096 0.099 0.097 0.094 0.087 0.08 0.071 0.062 0.054 0.046 0.039 0.033 0.028 0.024 0.021 0.018 0.015 0.013 0.011 0.009 0.008 0.007 0.006 0.005 0.004 0.004 0.003 0.003 0.002 0.003 0.003 0.004 0.005 0.006 0.006 0.007 0.007 0.007 0.006 0.006 0.004 0.003 0.002 0.002 0.001 0.001 0 0 0 0 0 0 0 0 0 0 0 0 0 0 0 0 0 0 0 0 0 0 0 0 0 0
0.401 0.33 0.263 0.206 0.158 0.12 0.089 0.065 0.046 0.032 0.022 0.015 0.012 0.011 0.014 0.019 0.027 0.037 0.051 0.065 0.08 0.093 0.104 0.112 0.115 0.115 0.111 0.105 0.096 0.087 0.077 0.067 0.058 0.05 0.043 0.037 0.032 0.028 0.024 0.021 0.018 0.015 0.013 0.012 0.01 0.009 0.008 0.007 0.006 0.005 0.004 0.003 0.003 0.002 0.003 0.003 0.004 0.004 0.004 0.005 0.004 0.004 0.003 0.003 0.002 0.002 0.001 0.001 0 0 0 0 0 0 0 0 0 0 0 0 0 0 0 0 0 0 0 0 0 0 0 0 0 0 0
0.378 0.31 0.247 0.192 0.147 0.111 0.083 0.06 0.042 0.029 0.02 0.014 0.011 0.011 0.014 0.019 0.028 0.04 0.054 0.07 0.086 0.101 0.113 0.122 0.127 0.128 0.125 0.118 0.11 0.1 0.089 0.079 0.069 0.06 0.053 0.046 0.041 0.036 0.032 0.028 0.024 0.021 0.019 0.017 0.015 0.014 0.012 0.011 0.009 0.007 0.005 0.004 0.003 0.002 0.002 0.002 0.002 0.002 0.003 0.003 0.003 0.002 0.002 0.002 0.001 0.001 0.001 0 0 0 0 0 0 0 0 0 0 0 0 0 0 0 0 0 0 0 0 0 0 0 0 0 0 0 0
0.342 0.279 0.222 0.172 0.131 0.098 0.073 0.053 0.037 0.025 0.017 0.012 0.01 0.01 0.013 0.019 0.028 0.04 0.055 0.071 0.088 0.103 0.117 0.127 0.133 0.134 0.132 0.127 0.119 0.11 0.099 0.088 0.078 0.069 0.062 0.055 0.05 0.045 0.041 0.036 0.033 0.029 0.027 0.024 0.022 0.02 0.018 0.015 0.012 0.01 0.007 0.005 0.004 0.003 0.002 0.002 0.001 0.001 0.002 0.002 0.002 0.001 0.001 0.001 0.001 0.001 0 0 0 0 0 0 0 0 0 0 0 0 0 0 0 0 0 0 0 0 0 0 0 0 0 0 0 0 0
0.295 0.241 0.19 0.147 0.111 0.083 0.061 0.044 0.031 0.021 0.014 0.01 0.009 0.01 0.013 0.019 0.028 0.039 0.053 0.069 0.085 0.101 0.114 0.125 0.131 0.134 0.134 0.13 0.123 0.115 0.105 0.095 0.085 0.077 0.07 0.064 0.059 0.055 0.051 0.047 0.043 0.04 0.036 0.033 0.031 0.028 0.024 0.021 0.017 0.013 0.01 0.007 0.005 0.003 0.002 0.001 0.001 0.001 0.001 0.001 0.001 0.001 0.001 0.001 0.001 0.001 0 0 0 0 0 0 0 0 0 0 0 0 0 0 0 0 0 0 0 0 0 0 0 0 0 0 0 0 0
0.244 0.198 0.156 0.119 0.09 0.067 0.049 0.035 0.024 0.017 0.012 0.009 0.008 0.009 0.013 0.018 0.027 0.038 0.05 0.065 0.08 0.094 0.107 0.117 0.124 0.128 0.128 0.126 0.121 0.114 0.106 0.098 0.09 0.082 0.077 0.072 0.069 0.066 0.063 0.06 0.056 0.053 0.049 0.045 0.041 0.037 0.032 0.027 0.022 0.017 0.012 0.009 0.006 0.004 0.002 0.001 0.001 0.001 0.001 0.001 0.001 0.001 0.001 0.001 0.001 0.001 0.001 0.001 0 0 0 0 0 0 0 0 0 0 0 0 0 0 0 0 0 0 0 0 0 0 0 0 0 0 0
0.193 0.156 0.122 0.092 0.069 0.051 0.037 0.026 0.018 0.013 0.009 0.007 0.007 0.009 0.012 0.018 0.026 0.035 0.047 0.059 0.072 0.084 0.095 0.105 0.111 0.116 0.117 0.117 0.114 0.109 0.103 0.097 0.091 0.086 0.083 0.081 0.08 0.08 0.079 0.077 0.074 0.07 0.065 0.06 0.054 0.047 0.04 0.033 0.027 0.02 0.015 0.01 0.007 0.004 0.003 0.002 0.001 0.001 0.001 0.001 0.002 0.002 0.002 0.002 0.002 0.002 0.001 0.001 0.001 0.001 0 0 0 0 0 0 0 0 0 0 0 0 0 0 0 0 0 0 0 0 0 0 0 0 0
0.145 0.117 0.091 0.068 0.051 0.037 0.026 0.019 0.013 0.009 0.007 0.006 0.007 0.009 0.013 0.018 0.025 0.034 0.043 0.054 0.064 0.074 0.083 0.09 0.096 0.1 0.103 0.104 0.103 0.1 0.097 0.094 0.091 0.089 0.09 0.092 0.095 0.098 0.1 0.1 0.097 0.093 0.086 0.078 0.069 0.059 0.05 0.04 0.031 0.024 0.017 0.012 0.008 0.005 0.003 0.002 0.002 0.002 0.002 0.002 0.003 0.003 0.004 0.004 0.004 0.003 0.003 0.002 0.002 0.001 0.001 0.001 0 0 0 0 0 0 0 0 0 0 0 0 0 0 0 0 0 0 0 0 0 0 0
0.104 0.083 0.064 0.048 0.035 0.025 0.018 0.013 0.009 0.007 0.005 0.005 0.007 0.009 0.013 0.019 0.025 0.033 0.041 0.049 0.057 0.064 0.07 0.076 0.08 0.084 0.087 0.089 0.089 0.089 0.089 0.088 0.09 0.093 0.098 0.105 0.113 0.121 0.126 0.129 0.127 0.121 0.112 0.1 0.087 0.073 0.059 0.047 0.036 0.026 0.019 0.013 0.008 0.005 0.003 0.003 0.002 0.003 0.003 0.004 0.005 0.006 0.007 0.007 0.007 0.006 0.005 0.004 0.003 0.002 0.002 0.001 0.001 0 0 0 0 0 0 0 0 0 0 0 0 0 0 0 0 0 0 0 0 0 0
0.071 0.057 0.043 0.032 0.023 0.017 0.012 0.008 0.006 0.005 0.004 0.005 0.007 0.01 0.014 0.02 0.026 0.032 0.039 0.045 0.051 0.056 0.06 0.063 0.066 0.069 0.071 0.073 0.075 0.077 0.08 0.083 0.088 0.097 0.108 0.121 0.136 0.149 0.159 0.164 0.163 0.155 0.142 0.125 0.107 0.088 0.07 0.054 0.04 0.029 0.02 0.013 0.009 0.006 0.004 0.003 0.004 0.005 0.006 0.008 0.01 0.011 0.013 0.013 0.013 0.011 0.01 0.008 0.006 0.004 0.003 0.002 0.001 0.001 0 0 0 0 0 0 0 0 0 0 0 0 0 0 0 0 0 0 0 0 0
0.046 0.037 0.028 0.02 0.015 0.01 0.007 0.005 0.004 0.003 0.004 0.005 0.007 0.011 0.015 0.02 0.026 0.033 0.038 0.043 0.047 0.049 0.051 0.052 0.053 0.055 0.057 0.059 0.062 0.066 0.071 0.078 0.088 0.102 0.119 0.14 0.162 0.181 0.197 0.204 0.203 0.193 0.176 0.153 0.128 0.103 0.08 0.06 0.044 0.031 0.021 0.014 0.009 0.006 0.005 0.005 0.006 0.008 0.01 0.013 0.017 0.02 0.021 0.022 0.021 0.02 0.017 0.013 0.01 0.007 0.005 0.003 0.002 0.001 0.001 0 0 0 0 0 0 0 0 0 0 0 0.001 0.001 0.001 0.001 0.001 0.001 0.001 0 0
0.029 0.022 0.017 0.012 0.009 0.006 0.004 0.003 0.003 0.003 0.003 0.005 0.007 0.011 0.016 0.021 0.027 0.032 0.037 0.041 0.043 0.044 0.044 0.044 0.043 0.044 0.045 0.047 0.051 0.056 0.063 0.073 0.088 0.107 0.132 0.159 0.188 0.215 0.235 0.246 0.245 0.232 0.21 0.182 0.15 0.119 0.091 0.067 0.048 0.033 0.022 0.015 0.01 0.007 0.006 0.006 0.008 0.012 0.016 0.021 0.027 0.031 0.034 0.035 0.034 0.031 0.027 0.021 0.016 0.012 0.008 0.005 0.003 0.002 0.001 0 0 0 0 0 0 0 0 0 0.001 0.001 0.001 0.001 0.001 0.001 0.001 0.001 0.001 0.001 0.001
0.017 0.013 0.01 0.007 0.005 0.003 0.002 0.002 0.002 0.002 0.003 0.005 0.007 0.011 0.016 0.021 0.027 0.032 0.036 0.039 0.04 0.04 0.039 0.037 0.036 0.035 0.036 0.038 0.042 0.047 0.056 0.069 0.088 0.112 0.143 0.177 0.212 0.245 0.27 0.283 0.282 0.268 0.242 0.208 0.171 0.135 0.102 0.075 0.053 0.036 0.024 0.016 0.011 0.008 0.007 0.009 0.012 0.018 0.024 0.032 0.04 0.047 0.051 0.053 0.051 0.047 0.04 0.032 0.024 0.017 0.012 0.007 0.004 0.003 0.001 0.001 0 0 0 0 0 0 0.001 0.001 0.001 0.002 0.002 0.002 0.003 0.003 0.003 0.002 0.002 0.002 0.001
0.009 0.007 0.005 0.004 0.003 0.002 0.001 0.001 0.001 0.002 0.003 0.004 0.007 0.011 0.015 0.02 0.025 0.03 0.034 0.036 0.037 0.036 0.035 0.033 0.031 0.03 0.03 0.031 0.035 0.041 0.051 0.066 0.087 0.115 0.15 0.189 0.23 0.267 0.296 0.311 0.312 0.296 0.268 0.231 0.19 0.15 0.114 0.084 0.059 0.041 0.027 0.018 0.013 0.01 0.01 0.012 0.017 0.025 0.035 0.046 0.057 0.066 0.073 0.075 0.073 0.066 0.057 0.046 0.035 0.025 0.017 0.01 0.006 0.004 0.002 0.001 0.001 0 0 0 0 0.001 0.001 0.001 0.002 0.003 0.003 0.004 0.004 0.004 0.004 0.004 0.003 0.003 0.002
0.005 0.004 0.003 0.002 0.001 0.001 0.001 0.001 0.001 0.001 0.002 0.004 0.006 0.01 0.014 0.018 0.023 0.027 0.031 0.033 0.033 0.033 0.031 0.029 0.028 0.026 0.026 0.027 0.03 0.036 0.046 0.062 0.085 0.115 0.152 0.194 0.238 0.278 0.31 0.327 0.329 0.315 0.287 0.249 0.207 0.165 0.127 0.094 0.068 0.048 0.033 0.022 0.016 0.013 0.013 0.016 0.023 0.033 0.046 0.06 0.075 0.088 0.096 0.1 0.097 0.088 0.075 0.061 0.046 0.033 0.022 0.014 0.009 0.005 0.003 0.002 0.001 0.001 0.001 0.001 0.001 0.001 0.002 0.002 0.003 0.004 0.005 0.006 0.007 0.007 0.007 0.006 0.005 0.004 0.003
0.002 0.002 0.001 0.001 0.001 0 0 0 0.001 0.001 0.002 0.003 0.005 0.008 0.012 0.016 0.02 0.024 0.027 0.029 0.03 0.03 0.029 0.028 0.026 0.025 0.024 0.025 0.027 0.033 0.042 0.058 0.08 0.11 0.148 0.19 0.235 0.277 0.31 0.33 0.335 0.324 0.298 0.263 0.223 0.182 0.143 0.109 0.081 0.058 0.041 0.029 0.02 0.016 0.016 0.02 0.029 0.041 0.057 0.075 0.094 0.11 0.12 0.124 0.121 0.11 0.094 0.076 0.058 0.041 0.028 0.018 0.011 0.007 0.004 0.003 0.002 0.001 0.001 0.001 0.001 0.002 0.002 0.004 0.005 0.006 0.008 0.009 0.01 0.011 0.01 0.009 0.008 0.006 0.005
0.001 0.001 0.001 0 0 0 0 0 0 0.001 0.002 0.003 0.004 0.007 0.009 0.013 0.016 0.02 0.023 0.025 0.027 0.027 0.028 0.027 0.026 0.025 0.025 0.025 0.026 0.031 0.039 0.053 0.073 0.102 0.138 0.179 0.223 0.265 0.3 0.323 0.332 0.326 0.306 0.276 0.24 0.201 0.164 0.129 0.098 0.073 0.053 0.037 0.027 0.021 0.021 0.025 0.034 0.049 0.067 0.089 0.11 0.129 0.141 0.146 0.142 0.13 0.111 0.09 0.069 0.049 0.034 0.022 0.014 0.009 0.006 0.004 0.003 0.002 0.002 0.002 0.002 0.003 0.004 0.005 0.007 0.009 0.011 0.013 0.014 0.015 0.014 0.013 0.011 0.009 0.007
