Heavy_metals/usgrids5km/globedem.asc
ncols 940
nrows 592
xllcorner -2405000
yllcorner 260000
cellsize 5000.00
nodata_value -32767
[rows 0 to 38 of 592, columns 0 to 88 of 940]
-2545 -2577 -2575 -2555 -2498 -2557 -2580 -2687 -2887 -2686 -2602 -2571 -2628 -2609 -2613 -2597 -2592 -2585 -2599 -2584 -2594 -2611 -2625 -2603 -2585 -2545 -2049 -2083 -1639 -1492 -1446 -1364 -1288 -1138 -953 -787 -569 -392 -274 -216 -169 -120 -96 -100 -82 -70 -59 -44 -27 -5 89 18 0 22 503 135 421 145 595 637 151 206 640 796 808 855 999 800 605 492 411 416 134 11 -81 -173 -235 -241 -218 -160 -91 -33 27 224 2 584 662 628 913
-2566 -2596 -2594 -2570 -2589 -2585 -2606 -2636 -2642 -2786 -2660 -2585 -2622 -2631 -2646 -2644 -2636 -2597 -2632 -2621 -2595 -2598 -2638 -2621 -2621 -2599 -2204 -2099 -1848 -1626 -1538 -1392 -1346 -1162 -1042 -836 -544 -357 -233 -171 -132 -106 -113 -97 -85 -79 -72 -60 -44 -25 -11 -8 -36 -16 20 0 282 74 342 524 150 396 555 841 770 1020 901 950 633 751 422 499 196 103 14 -61 -156 -227 -231 -204 -161 -160 -139 -4 22 508 437 955 835
-2568 -2574 -2562 -2518 -2550 -2586 -2595 -2592 -2615 -2752 -2742 -2577 -2586 -2668 -2682 -2678 -2656 -2600 -2633 -2656 -2613 -2607 -2598 -2590 -2604 -2568 -2348 -2171 -2085 -1699 -1582 -1474 -1416 -1189 -1127 -933 -621 -417 -215 -152 -126 -99 -107 -92 -86 -89 -88 -79 -64 -46 -30 -19 0 -3 0 0 34 23 102 306 215 434 963 849 325 886 546 461 325 791 414 597 658 135 2 11 -50 -170 -237 -223 -198 -203 -236 -119 -6 2 70 270 324
-2567 -2591 -2566 -2530 -2622 -2637 -2598 -2593 -2622 -2638 -2682 -2609 -2598 -2627 -2646 -2644 -2671 -2626 -2654 -2659 -2636 -2661 -2668 -2651 -2596 -2590 -2548 -2319 -2193 -1902 -1644 -1563 -1501 -1278 -1186 -968 -786 -615 -296 -150 -124 -106 -96 -83 -85 -107 -111 -100 -86 -66 -46 -27 -11 -1 0 8 23 134 655 161 562 563 423 506 438 833 848 933 678 641 315 321 385 155 15 29 22 -54 -223 -232 -211 -206 -196 -79 16 27 18 47 99
-2568 -2567 -2518 -2608 -2598 -2608 -2594 -2594 -2591 -2588 -2668 -2714 -2582 -2588 -2598 -2607 -2648 -2652 -2608 -2663 -2653 -2677 -2669 -2642 -2587 -2577 -2577 -2524 -2191 -1922 -1616 -1536 -1551 -1344 -1216 -1020 -872 -612 -410 -156 -122 -108 -93 -74 -73 -145 -127 -123 -110 -83 -62 -44 -28 0 17 58 171 319 291 535 595 456 447 320 198 868 1026 863 778 413 502 590 254 118 31 17 2 -23 -195 -236 -221 -214 -178 -47 1 31 47 42 53
-2571 -2562 -2587 -2619 -2630 -2625 -2652 -2632 -2624 -2611 -2612 -2691 -2604 -2585 -2601 -2613 -2604 -2620 -2616 -2654 -2665 -2658 -2650 -2632 -2590 -2593 -2575 -2558 -2224 -1976 -1685 -1622 -1526 -1290 -1165 -955 -760 -602 -250 -162 -127 -106 -88 -73 -64 -65 -79 -153 -149 -86 -72 -61 -52 -21 25 297 279 464 462 429 415 275 304 187 383 272 356 721 910 919 755 731 347 195 30 28 2 13 -165 -233 -223 -215 -173 -61 -3 2 26 80 84
-2579 -2553 -2613 -2621 -2607 -2591 -2590 -2643 -2632 -2606 -2593 -2592 -2683 -2586 -2634 -2632 -2596 -2626 -2617 -2618 -2610 -2615 -2614 -2641 -2601 -2547 -2522 -2541 -2455 -2088 -1913 -1626 -1444 -1266 -1145 -890 -717 -445 -209 -170 -134 -103 -83 -77 -71 -60 -83 -93 -72 -73 -75 -84 -83 -46 10 275 321 379 157 428 303 146 387 598 658 486 10 426 1075 995 710 935 566 323 91 -25 -13 6 -118 -221 -216 -213 -183 -74 2 3 2 2 21
-2630 -2700 -2612 -2650 -2606 -2599 -2622 -2620 -2619 -2631 -2595 -2624 -2627 -2780 -2631 -2634 -2630 -2628 -2629 -2612 -2609 -2600 -2601 -2596 -2592 -2559 -2511 -2446 -2367 -2227 -2103 -1625 -1398 -1277 -1163 -1006 -752 -458 -230 -177 -144 -114 -93 -87 -81 -68 -84 -117 -104 -124 -103 -110 -99 -71 -38 13 114 114 312 156 208 395 489 567 465 780 731 389 511 757 582 716 754 720 300 5 31 -2 -83 -203 -202 -202 -188 -78 -1 3 3 2 57
-2654 -2640 -2638 -2651 -2629 -2642 -2632 -2662 -2615 -2608 -2609 -2590 -2640 -2764 -2710 -2625 -2651 -2654 -2626 -2614 -2620 -2593 -2586 -2594 -2605 -2588 -2571 -2535 -2474 -2362 -2136 -1908 -1558 -1263 -1259 -1174 -890 -364 -236 -183 -165 -140 -117 -100 -94 -83 -88 -127 -115 -126 -130 -116 -107 -93 -69 -39 -15 52 61 49 603 600 584 617 540 685 505 405 85 187 757 681 663 867 290 49 9 2 34 -35 -66 -152 -173 -82 0 4 1 1 15
-2621 -2660 -2702 -2684 -2705 -2667 -2672 -2665 -2626 -2613 -2628 -2616 -2621 -2635 -2715 -2693 -2630 -2622 -2616 -2633 -2580 -2604 -2579 -2576 -2633 -2615 -2604 -2576 -2556 -2544 -2220 -2102 -1988 -1676 -1352 -1192 -858 -415 -353 -275 -318 -157 -133 -120 -108 -99 -97 -105 -94 -126 -118 -112 -106 -109 -84 -56 -41 -22 30 268 552 561 520 686 516 498 756 804 384 337 261 558 460 347 338 59 3 42 1 1 -29 -96 -137 -119 -64 15 -2 -7 32
-2661 -2655 -2650 -2649 -2656 -2632 -2683 -2650 -2659 -2618 -2628 -2674 -2690 -2677 -2666 -2741 -2629 -2626 -2627 -2614 -2588 -2627 -2571 -2674 -2730 -2679 -2646 -2601 -2555 -2478 -2318 -2170 -2102 -1929 -1420 -1139 -922 -779 -709 -665 -496 -180 -150 -142 -134 -119 -116 -139 -154 -150 -146 -137 -123 -119 -66 -61 -68 -55 -20 157 552 216 729 454 530 824 661 527 482 664 717 159 281 222 315 138 101 102 26 -83 33 -51 -99 -116 -111 -40 -17 -26 -5
-2681 -2664 -2650 -2677 -2650 -2638 -2646 -2625 -2623 -2622 -2683 -2687 -2664 -2672 -2681 -2858 -2692 -2602 -2596 -2581 -2566 -2563 -2582 -2543 -2600 -2573 -2581 -2579 -2542 -2456 -2380 -2125 -2049 -1263 -1098 -1436 -1315 -1118 -879 -581 -432 -172 -155 -144 -143 -136 -132 -130 -163 -161 -162 -151 -143 -148 -87 -71 -84 -119 -97 -26 165 516 558 327 547 737 494 618 302 628 758 420 172 95 65 60 137 303 49 0 13 21 -54 -105 -125 -123 -62 -25 1
-2686 -2650 -2649 -2663 -2687 -2669 -2633 -2645 -2626 -2616 -2644 -2654 -2655 -2667 -2644 -2633 -2708 -2671 -2615 -2578 -2566 -2545 -2535 -2521 -2512 -2504 -2505 -2501 -2529 -2444 -2367 -2097 -1857 -1188 -1441 -1638 -1220 -1026 -774 -558 -357 -207 -166 -149 -140 -143 -137 -140 -134 -124 -180 -164 -155 -177 -109 -102 -192 -230 -204 -153 -61 130 233 109 374 372 241 518 549 687 717 667 600 381 92 18 40 149 240 25 27 6 -16 -71 -152 -201 -96 -42 -11
-2654 -2652 -2652 -2655 -2662 -2648 -2640 -2628 -2623 -2640 -2649 -2658 -2645 -2636 -2628 -2637 -2778 -2654 -2589 -2591 -2551 -2531 -2510 -2503 -2484 -2434 -2444 -2445 -2507 -2427 -2319 -2021 -1908 -1784 -1802 -1543 -1049 -1045 -902 -644 -458 -324 -332 -191 -138 -134 -131 -131 -118 -153 -182 -143 -113 -166 -243 -230 -296 -275 -258 -243 -203 -112 -12 83 266 249 63 451 779 830 790 617 448 596 196 107 24 262 36 3 12 2 106 12 -115 -216 -135 -64 -19
-2662 -2649 -2645 -2674 -2661 -2642 -2645 -2681 -2694 -2679 -2688 -2662 -2648 -2659 -2628 -2641 -2606 -2746 -2609 -2576 -2550 -2519 -2482 -2426 -2396 -2416 -2352 -2374 -2495 -2377 -2185 -1698 -1685 -1734 -1650 -1484 -1231 -1193 -1030 -850 -732 -714 -629 -351 -149 -138 -132 -113 -102 -171 -187 -122 -116 -259 -128 -277 -260 -211 -192 -257 -240 -217 -135 13 272 539 732 390 412 282 704 557 481 413 161 140 55 26 11 0 -15 -36 -32 -44 -144 -118 -142 -20 -42
-2681 -2674 -2640 -2693 -2643 -2675 -2650 -2683 -2675 -2667 -2653 -2642 -2643 -2644 -2651 -2650 -2654 -2625 -2736 -2605 -2576 -2560 -2465 -2407 -2393 -2460 -2297 -2273 -2241 -2195 -2058 -1672 -1726 -1667 -1638 -1553 -1544 -1366 -1238 -1198 -1070 -628 -338 -182 -155 -149 -125 -107 -102 -169 -138 -142 -175 -198 -252 -247 -100 -29 65 -112 -201 -224 -206 -137 -20 366 679 889 891 798 699 660 724 364 226 366 26 24 1 0 -181 -56 -141 -118 -63 -43 -62 -57 -36
-2644 -2653 -2635 -2634 -2649 -2674 -2661 -2722 -2707 -2722 -2715 -2692 -2641 -2653 -2649 -2718 -2686 -2699 -2852 -2642 -2545 -2510 -2474 -2398 -2334 -2323 -2247 -2177 -2175 -2074 -1933 -1727 -1808 -1777 -1789 -1744 -1618 -1347 -1077 -901 -717 -310 -220 -158 -143 -141 -118 -109 -125 -181 -154 -123 -246 -250 -201 -57 -41 -33 82 57 -69 -177 -222 -199 -147 -45 206 543 563 600 789 624 613 311 362 395 0 81 3 -91 -190 -153 -73 -51 -139 -20 -21 -83 -39
-2719 -2675 -2666 -2665 -2697 -2722 -2678 -2709 -2738 -2728 -2724 -2687 -2640 -2638 -2610 -2666 -2661 -2648 -2580 -2653 -2630 -2566 -2521 -2376 -2318 -2211 -2235 -2189 -2134 -2038 -1871 -1816 -1811 -1844 -1813 -1672 -1584 -1462 -1166 -902 -803 -657 -332 -163 -141 -129 -114 -121 -175 -268 -122 -201 -285 -200 -79 -42 -33 -10 116 218 124 -84 -215 -206 -186 -143 -68 86 348 562 552 605 390 323 490 121 201 87 10 -1 -215 4 -53 -65 119 35 323 -105 -54
-2720 -2671 -2680 -2678 -2681 -2696 -2684 -2702 -2728 -2704 -2702 -2684 -2663 -2624 -2616 -2600 -2587 -2591 -2586 -2605 -2617 -2461 -2435 -2380 -2273 -2239 -2227 -2211 -2130 -2031 -1841 -1789 -1773 -1760 -1792 -1606 -1586 -1496 -1417 -1172 -1030 -720 -395 -172 -147 -120 -123 -214 -295 -250 -264 -220 -266 -120 -58 -34 -31 56 139 213 219 48 -61 -199 -217 -173 -141 -90 75 336 273 442 302 416 420 129 123 90 -1 -32 -252 35 56 -5 40 135 112 -9 -67
-2737 -2684 -2684 -2700 -2712 -2741 -2722 -2678 -2675 -2664 -2655 -2658 -2659 -2613 -2622 -2611 -2585 -2620 -2585 -2526 -2515 -2439 -2413 -2382 -2328 -2267 -2262 -2220 -2168 -2090 -1921 -1781 -1820 -1768 -1755 -1667 -1605 -1555 -1494 -1235 -875 -680 -236 -167 -151 -149 -340 -228 -153 -147 -239 -184 -201 -80 -47 -41 -14 98 121 230 252 225 34 -88 -195 -197 -179 -160 -129 -23 66 179 98 350 188 124 11 49 49 -47 -205 90 46 -11 22 -23 23 11 0
-2686 -2679 -2680 -2708 -2722 -2746 -2713 -2687 -2722 -2712 -2666 -2626 -2631 -2604 -2625 -2591 -2565 -2563 -2533 -2499 -2484 -2462 -2428 -2400 -2352 -2308 -2278 -2240 -2215 -2154 -1966 -1753 -1808 -1701 -1716 -1719 -1670 -1554 -1500 -1336 -733 -570 -253 -185 -176 -383 -493 -160 -150 -142 -133 -193 -109 -67 -43 -32 28 58 103 283 195 212 206 79 -63 -180 -199 -190 -180 -171 -96 -18 116 136 95 50 -3 -18 26 -26 -157 -182 35 -23 4 -15 102 89 19
-2742 -2676 -2721 -2696 -2724 -2722 -2713 -2679 -2711 -2670 -2647 -2655 -2619 -2597 -2579 -2564 -2540 -2533 -2522 -2507 -2494 -2473 -2465 -2421 -2359 -2316 -2301 -2252 -2250 -2233 -2017 -1791 -1779 -1665 -1628 -1641 -1660 -1546 -1516 -1274 -915 -608 -342 -405 -483 -720 -438 -177 -158 -142 -126 -113 -91 -58 -37 -31 31 17 81 182 156 286 264 166 129 19 -162 -181 -177 -167 -172 -126 13 64 27 -24 -30 -16 -15 -37 -66 -113 -100 -27 59 -14 -41 -36 -1
-2715 -2678 -2533 -2677 -2700 -2704 -2690 -2668 -2659 -2655 -2624 -2639 -2602 -2583 -2571 -2541 -2529 -2531 -2530 -2517 -2495 -2488 -2455 -2399 -2361 -2342 -2336 -2272 -2299 -2337 -2021 -1900 -1786 -1731 -1612 -1576 -1618 -1483 -1462 -1311 -1111 -809 -803 -821 -854 -681 -434 -206 -164 -140 -123 -106 -86 -57 -37 -30 36 43 122 101 311 193 407 173 124 94 -49 -83 -130 -156 -164 -177 -145 -85 -62 -70 -63 -50 -53 -72 -57 -135 -141 -87 -48 14 -77 -37 98
-2702 -2685 -2706 -2676 -2680 -2674 -2662 -2662 -2669 -2690 -2662 -2645 -2591 -2568 -2559 -2566 -2552 -2559 -2558 -2522 -2501 -2482 -2455 -2396 -2375 -2353 -2326 -2298 -2303 -2324 -2125 -1866 -1490 -1565 -1624 -1531 -1594 -1383 -1370 -1258 -1055 -952 -1042 -998 -937 -591 -399 -238 -168 -137 -119 -106 -83 -58 -36 -25 75 122 70 126 196 315 305 298 398 267 125 26 -12 -62 -119 -153 -169 -170 -138 -123 -97 -72 -73 -113 -119 -36 -142 -89 -87 -64 -78 -4 83
-2693 -2676 -2684 -2682 -2697 -2691 -2709 -2715 -2702 -2711 -2645 -2604 -2588 -2567 -2573 -2588 -2564 -2581 -2577 -2545 -2511 -2488 -2459 -2441 -2408 -2375 -2349 -2331 -2327 -2323 -2264 -1887 -1475 -1468 -1545 -1441 -1527 -1356 -1247 -1133 -1112 -1139 -949 -835 -729 -576 -482 -335 -176 -138 -117 -104 -80 -60 -33 -20 101 45 78 181 158 165 183 339 648 658 438 308 157 65 33 -36 -118 -119 -137 -129 -102 -115 -122 -119 -73 -151 -127 -83 -76 -75 -68 26 2
-2700 -2704 -2723 -2725 -2707 -2694 -2694 -2662 -2659 -2688 -2646 -2628 -2603 -2593 -2585 -2601 -2598 -2577 -2564 -2536 -2523 -2505 -2486 -2487 -2437 -2395 -2370 -2353 -2348 -2339 -2306 -1865 -1590 -1377 -1462 -1443 -1511 -1362 -1235 -1144 -1243 -1047 -988 -877 -884 -799 -623 -461 -306 -140 -114 -103 -83 -62 -36 -19 35 27 92 71 212 309 295 310 309 418 606 807 468 224 187 112 5 -16 -98 -106 -103 -104 -147 -138 -145 -150 -60 -91 -72 -48 14 32 25
-2746 -2710 -2725 -2699 -2683 -2673 -2664 -2647 -2650 -2665 -2647 -2638 -2612 -2608 -2615 -2625 -2613 -2569 -2552 -2544 -2540 -2528 -2508 -2500 -2442 -2409 -2391 -2373 -2368 -2362 -2324 -1907 -1692 -1553 -1453 -1415 -1463 -1482 -1361 -1311 -1245 -1090 -1083 -1034 -977 -875 -755 -605 -297 -139 -113 -101 -84 -64 -41 -29 56 35 52 113 169 283 358 690 630 795 652 655 234 525 569 348 204 110 5 -43 -48 -56 -106 -50 -58 -116 -95 -39 -24 33 36 5 95
-2725 -2715 -2697 -2710 -2687 -2665 -2652 -2645 -2649 -2643 -2662 -2659 -2653 -2671 -2677 -2630 -2666 -2568 -2553 -2562 -2555 -2535 -2510 -2464 -2440 -2415 -2407 -2391 -2407 -2351 -2331 -1815 -1751 -1738 -1433 -1367 -1356 -1357 -1414 -1361 -1230 -1140 -1116 -1045 -1003 -905 -768 -600 -262 -140 -113 -98 -81 -66 -39 -31 -15 77 184 84 197 243 302 468 449 910 722 770 1151 1346 1235 632 366 356 186 76 37 18 15 2 -38 -70 -99 -71 -28 11 26 -32 20
-2713 -2741 -2694 -2718 -2710 -2735 -2713 -2696 -2670 -2711 -2729 -2647 -2633 -2651 -2657 -2614 -2611 -2575 -2573 -2564 -2545 -2522 -2489 -2472 -2453 -2438 -2423 -2415 -2464 -2331 -2267 -1659 -1710 -1739 -1461 -1368 -1365 -1438 -1439 -1352 -1176 -1085 -1054 -987 -911 -788 -685 -438 -179 -138 -113 -99 -79 -64 -43 -29 -25 44 140 245 200 251 236 372 612 609 1072 673 1188 1376 728 470 1021 819 625 220 185 110 54 23 -33 -31 -72 -64 -49 -28 52 -60 105
-2728 -2718 -2684 -2721 -2759 -2761 -2749 -2690 -2659 -2691 -2650 -2681 -2669 -2634 -2611 -2593 -2583 -2580 -2560 -2555 -2542 -2517 -2489 -2504 -2482 -2463 -2448 -2451 -2473 -2358 -2041 -1784 -1744 -1705 -1574 -1495 -1551 -1567 -1516 -1410 -1265 -1060 -911 -882 -835 -686 -583 -303 -174 -142 -114 -101 -79 -65 -43 -31 -24 29 146 223 202 193 431 604 555 451 1011 1025 1310 1396 1055 429 1231 1540 700 537 374 333 172 137 32 47 5 79 -16 -68 -16 -63 79
-2692 -2689 -2679 -2689 -2711 -2722 -2699 -2668 -2665 -2667 -2664 -2679 -2701 -2658 -2626 -2613 -2588 -2597 -2575 -2565 -2544 -2513 -2515 -2544 -2505 -2486 -2469 -2462 -2452 -2370 -2098 -1857 -1775 -1635 -1616 -1631 -1630 -1578 -1526 -1452 -1373 -1187 -1041 -1017 -793 -606 -527 -326 -178 -145 -117 -97 -79 -62 -46 -31 -22 -4 81 58 106 143 181 226 260 477 479 946 762 934 1634 657 706 1355 1300 961 904 556 474 451 115 188 -22 32 -9 -86 4 -49 14
-2679 -2678 -2693 -2712 -2703 -2771 -2738 -2657 -2671 -2685 -2692 -2708 -2723 -2686 -2643 -2606 -2618 -2590 -2592 -2571 -2546 -2545 -2547 -2554 -2531 -2523 -2491 -2479 -2473 -2463 -2114 -1979 -1820 -1817 -1766 -1686 -1691 -1422 -1481 -1465 -1449 -1416 -1423 -1167 -758 -592 -576 -415 -191 -152 -120 -99 -80 -63 -46 -33 -16 -5 111 162 261 394 293 625 651 401 731 722 1365 1226 1221 1071 747 1374 1815 1175 1028 693 564 508 368 254 38 63 9 -99 87 11 -72
-2704 -2696 -2698 -2666 -2682 -2749 -2746 -2676 -2675 -2671 -2696 -2717 -2738 -2715 -2661 -2623 -2612 -2582 -2569 -2564 -2542 -2540 -2537 -2534 -2525 -2510 -2493 -2494 -2486 -2473 -2204 -2003 -1823 -1777 -1769 -1743 -1734 -1400 -1323 -1494 -1475 -1478 -1476 -1248 -737 -612 -733 -791 -330 -166 -125 -100 -82 -64 -46 -33 -21 3 110 201 274 238 349 528 718 736 799 1305 1509 1676 1486 912 759 1579 1601 1321 1493 1074 744 827 463 101 174 79 -5 -84 47 61 8
-2821 -2765 -2704 -2718 -2711 -2672 -2704 -2678 -2656 -2668 -2698 -2692 -2706 -2725 -2657 -2613 -2611 -2595 -2562 -2553 -2581 -2553 -2532 -2530 -2521 -2512 -2506 -2505 -2499 -2467 -2206 -2005 -1751 -1756 -1780 -1762 -1757 -1161 -1440 -1517 -1527 -1513 -1465 -1115 -757 -869 -1147 -903 -473 -311 -129 -104 -81 -62 -46 -31 -21 -7 117 105 138 277 370 514 598 518 1189 1174 937 1247 1354 1374 782 1379 1846 1755 1742 1465 1468 719 382 144 128 120 0 -53 -39 8 39
-2931 -2853 -2692 -2696 -2712 -2695 -2698 -2680 -2634 -2667 -2681 -2643 -2648 -2681 -2633 -2612 -2623 -2612 -2581 -2565 -2574 -2574 -2550 -2527 -2520 -2514 -2516 -2514 -2522 -2440 -2171 -2016 -1876 -1792 -1788 -1787 -1751 -1289 -1493 -1601 -1563 -1546 -1408 -1023 -1130 -1333 -1295 -1090 -970 -762 -156 -105 -81 -61 -44 -30 -21 3 80 123 170 209 179 344 231 346 456 713 1160 1478 1128 961 1418 1452 1744 1668 1409 1598 1181 820 212 144 158 90 27 -18 -70 -48 87
-2719 -2728 -2712 -2718 -2737 -2701 -2698 -2684 -2673 -2667 -2691 -2633 -2633 -2633 -2679 -2617 -2615 -2601 -2574 -2566 -2558 -2572 -2570 -2537 -2522 -2521 -2530 -2546 -2547 -2406 -2102 -2062 -1896 -1787 -1797 -1777 -1727 -1591 -1556 -1693 -1663 -1606 -1443 -1457 -1506 -1507 -1420 -1276 -1214 -823 -188 -108 -84 -59 -41 -28 -19 8 39 50 90 114 325 559 613 920 844 997 682 1056 1221 1261 1463 1801 1352 874 1570 1460 751 620 132 -28 117 63 0 25 -13 -24 1
-2749 -2733 -2722 -2717 -2727 -2701 -2694 -2692 -2691 -2682 -2669 -2663 -2649 -2637 -2640 -2613 -2602 -2612 -2585 -2577 -2563 -2548 -2556 -2557 -2539 -2528 -2551 -2579 -2572 -2402 -2180 -2108 -1838 -1705 -1750 -1754 -1737 -1626 -1645 -1765 -1726 -1672 -1462 -1291 -1094 -1100 -1158 -1089 -997 -725 -218 -106 -82 -65 -41 -25 -19 20 60 104 117 230 430 379 525 717 925 832 571 1056 1045 1197 1160 1437 1547 1170 902 1003 752 818 205 -105 58 -20 111 58 -59 -168 -172
-2787 -2763 -2721 -2721 -2715 -2714 -2696 -2689 -2690 -2692 -2683 -2688 -2688 -2660 -2652 -2649 -2620 -2612 -2609 -2582 -2575 -2558 -2561 -2567 -2559 -2579 -2574 -2575 -2559 -2524 -2483 -2054 -1801 -1589 -1719 -1690 -1665 -1660 -1728 -1764 -1706 -1568 -1419 -1112 -833 -747 -783 -790 -495 -317 -151 -105 -83 -62 -42 -25 -16 51 63 81 129 226 366 507 650 317 468 250 486 393 1071 1056 1138 1181 1173 1255 847 391 382 432 -109 14 -10 85 87 54 -57 -138 67
-2852 -2783 -2730 -2722 -2718 -2721 -2701 -2696 -2699 -2753 -2718 -2698 -2758 -2756 -2656 -2646 -2632 -2639 -2620 -2594 -2591 -2576 -2575 -2563 -2568 -2591 -2575 -2568 -2549 -2556 -2510 -2009 -1742 -1685 -1773 -1605 -1698 -1691 -1725 -1740 -1697 -1535 -1368 -1064 -904 -611 -443 -595 -222 -161 -127 -99 -79 -60 -43 -30 -17 50 120 115 108 93 138 152 79 445 589 614 844 1056 1311 937 883 1579 1112 754 1071 801 367 26 -69 -81 110 6 107 37 -44 -31 115
