Heavy_metals/usgrids5km/globedem.asc
ncols 940
nrows 592
xllcorner -2405000
yllcorner 260000
cellsize 5000.00
nodata_value -32767
[rows 234 to 272 of 592, columns 712 to 800 of 940]
300 308 314 288 310 343 365 368 360 340 307 333 308 299 322 320 314 321 339 369 340 313 310 289 277 350 275 341 350 347 318 355 339 302 328 265 291 281 289 285 338 304 348 351 388 347 353 313 358 563 446 412 500 707 511 392 603 649 745 815 621 486 419 565 418 564 334 491 580 535 319 302 381 350 407 274 334 217 183 183 203 268 373 369 300 277 192 166 143
317 351 357 335 264 330 360 360 359 305 324 317 313 328 293 306 314 339 348 370 363 315 354 361 338 332 291 317 338 359 334 339 358 317 324 286 351 344 333 258 317 321 344 337 378 335 403 321 388 512 390 428 666 676 528 536 545 580 742 778 486 393 398 493 398 430 368 435 598 456 297 286 314 314 272 459 267 213 200 205 252 445 443 333 261 246 191 174 162
354 382 341 319 281 346 348 349 345 319 333 299 280 331 328 309 312 352 354 358 367 350 367 362 351 355 299 300 322 349 329 349 368 346 310 302 349 344 335 285 280 337 331 348 351 353 365 344 530 383 371 513 777 574 528 563 637 630 724 717 441 382 380 464 508 360 365 461 402 364 339 309 301 345 289 464 210 224 214 246 460 550 424 355 224 213 174 163 147
375 371 364 316 293 314 350 340 341 309 353 300 286 294 338 342 337 322 338 343 369 377 350 331 344 321 273 314 353 354 364 346 381 340 338 313 357 313 287 329 329 287 331 357 324 333 318 437 527 443 424 620 747 590 572 582 663 673 715 772 432 409 390 404 391 369 334 411 520 501 318 284 347 362 402 251 208 216 215 263 514 459 382 286 194 177 174 163 165
342 364 342 283 319 291 304 330 333 352 354 316 313 290 278 300 315 342 362 351 359 366 333 329 317 321 240 269 331 327 375 352 357 359 332 331 352 317 322 348 338 284 316 323 334 338 365 516 492 483 571 763 678 605 612 612 684 742 760 654 443 415 380 353 373 419 336 366 463 517 302 313 372 413 454 224 195 201 215 251 342 426 343 209 177 160 184 175 168
345 352 336 305 275 311 296 330 315 331 330 334 308 289 286 296 303 330 328 343 326 368 366 360 348 325 329 304 330 342 334 345 380 338 357 330 354 346 327 293 287 322 307 365 381 359 413 587 538 548 747 790 648 634 639 630 724 716 813 565 396 375 565 401 393 366 409 412 411 402 273 390 345 342 318 194 199 201 243 270 484 484 384 203 160 159 164 189 172
316 344 333 315 310 321 282 330 286 296 314 296 285 329 321 288 320 320 327 350 348 349 347 340 357 336 268 314 337 321 355 360 393 357 371 346 356 345 333 333 301 337 287 385 361 338 449 597 487 630 828 697 658 657 665 731 704 729 699 510 447 465 557 516 403 414 416 459 498 352 267 437 334 315 179 168 171 198 250 258 450 425 375 197 175 151 167 168 195
330 296 272 290 268 277 267 291 270 286 321 273 285 327 326 321 311 316 309 350 352 352 338 313 297 310 239 355 332 328 328 354 369 368 380 373 360 335 346 337 288 329 335 351 339 337 516 590 488 720 759 640 661 641 715 750 703 751 619 589 557 521 439 441 453 443 409 411 418 284 233 256 331 320 178 179 169 199 248 216 261 401 393 189 157 132 147 163 193
325 347 292 305 276 255 252 253 256 271 271 309 285 303 349 314 290 327 341 337 354 366 351 338 325 298 309 317 384 383 360 378 375 375 351 337 361 356 345 314 281 324 365 391 330 330 535 504 516 804 684 625 643 641 740 707 699 817 655 660 596 581 518 589 408 479 371 396 299 263 248 269 283 215 188 171 155 205 214 201 219 408 389 304 140 125 147 164 178
322 329 301 299 316 309 259 287 286 250 292 279 316 304 329 346 347 321 321 343 382 351 322 303 372 336 287 372 328 383 382 403 384 354 354 336 330 313 310 305 273 343 357 347 348 425 572 448 636 735 615 661 658 639 733 701 707 734 615 632 468 575 467 596 328 391 338 465 304 219 203 178 201 357 302 165 153 200 190 182 231 494 402 190 135 124 140 140 176
324 303 303 262 293 289 255 291 295 260 269 265 295 284 291 324 302 342 347 335 363 346 340 354 318 339 255 310 365 374 389 374 412 370 356 365 381 340 308 300 322 339 363 309 374 589 628 456 690 715 543 657 660 763 685 675 720 707 568 534 350 422 527 594 369 367 313 334 311 201 163 191 178 350 231 159 154 184 172 188 304 484 471 159 124 141 140 163 166
331 269 283 270 250 256 273 270 277 279 251 248 283 281 295 299 320 321 341 312 368 368 349 346 314 285 314 292 361 371 339 420 405 375 350 375 342 338 345 321 299 335 375 318 457 651 662 507 478 609 488 595 759 822 704 679 744 764 732 512 351 385 455 392 326 309 362 281 304 209 167 171 146 215 178 146 122 175 169 185 444 392 438 137 106 153 166 164 163
287 268 254 276 250 285 287 294 278 284 300 286 295 271 268 281 298 325 363 339 380 367 354 332 358 342 329 375 350 311 338 372 419 397 367 378 353 340 353 311 289 340 355 361 679 603 585 599 747 531 459 660 804 860 657 725 786 784 573 515 389 282 460 297 410 274 289 224 244 218 225 308 167 141 136 150 143 163 159 166 347 326 469 154 108 127 173 169 193
270 264 269 257 272 252 285 287 287 316 298 267 256 283 277 307 305 318 365 384 374 351 350 349 348 284 231 326 379 379 375 342 425 356 359 369 404 357 346 329 282 359 333 386 720 552 573 646 693 510 565 738 772 808 682 782 783 766 451 397 272 293 420 381 291 335 195 294 232 259 204 328 198 146 148 130 139 150 141 173 337 216 362 136 95 134 153 148 196
276 252 245 252 274 252 275 296 286 294 269 300 250 282 278 303 350 342 352 379 366 325 320 315 281 286 369 319 373 383 403 380 419 397 383 386 394 367 364 374 319 336 332 546 688 533 593 643 652 552 601 766 846 732 803 793 782 706 607 434 308 323 377 370 250 478 186 349 250 261 252 370 207 237 172 130 129 111 137 162 414 184 262 133 94 127 135 178 215
297 282 300 262 247 250 263 263 284 312 291 283 276 263 288 269 316 328 353 365 344 364 366 341 321 246 374 345 394 391 414 407 420 367 373 382 408 348 331 340 316 343 329 615 614 519 559 633 692 563 625 692 800 732 797 746 802 607 691 295 262 255 260 235 210 279 244 350 545 254 296 403 210 179 164 128 145 141 127 220 199 163 182 120 88 130 161 198 231
340 307 317 274 244 255 265 258 275 292 301 292 300 295 309 320 299 313 327 376 375 366 349 378 368 252 310 302 347 352 376 378 401 400 390 360 343 321 340 362 299 306 369 635 529 518 557 597 729 623 719 753 805 772 751 651 684 615 590 242 268 240 260 212 235 237 436 234 442 285 301 311 214 224 163 154 160 150 117 268 203 158 212 118 94 134 141 197 232
284 300 279 258 263 232 258 236 279 287 299 260 295 281 294 340 348 338 347 373 353 343 323 328 305 297 347 355 357 342 390 436 411 379 371 369 347 383 399 361 321 352 443 497 532 559 583 649 811 728 766 833 832 771 565 714 535 663 336 341 236 259 307 256 316 309 455 259 568 323 380 265 244 203 168 154 181 157 133 214 134 138 158 105 95 164 166 191 202
284 277 289 251 247 258 288 271 284 309 320 312 291 274 293 321 315 346 345 377 342 361 349 342 299 324 330 381 384 392 367 363 395 393 439 416 399 409 371 347 325 350 585 564 488 644 575 717 814 819 771 774 813 741 710 599 442 610 350 275 214 332 260 317 296 384 334 291 413 342 291 204 227 193 167 172 170 158 147 182 140 141 129 76 129 172 160 169 152
298 295 287 271 250 287 297 272 290 265 313 292 302 298 251 337 292 337 315 314 303 319 309 312 356 250 349 381 391 417 388 399 418 376 399 391 383 363 355 334 346 443 629 554 578 606 517 719 821 794 779 777 791 780 762 535 678 390 390 269 265 358 294 392 358 351 315 304 336 297 260 233 268 195 151 168 177 157 130 247 165 139 142 106 87 147 144 151 133
313 296 286 270 240 286 309 257 281 290 274 280 276 299 294 302 298 297 302 306 314 271 281 348 294 267 286 273 318 352 378 375 402 383 386 355 396 364 329 339 401 516 605 524 628 592 467 794 801 791 750 776 784 894 594 594 694 354 298 276 292 406 354 380 398 362 392 315 344 294 219 251 253 194 172 188 170 138 264 210 158 127 144 76 102 122 112 120 124
268 316 294 283 280 271 285 267 276 273 232 252 276 279 303 273 286 288 296 282 279 277 291 272 287 305 282 317 302 351 387 352 377 364 362 366 370 369 306 376 426 534 561 471 606 578 516 667 790 754 771 759 841 761 675 738 529 423 342 268 305 263 422 396 388 317 417 291 400 294 259 267 239 188 171 195 166 138 293 193 170 146 158 83 79 92 104 99 115
265 278 286 297 282 283 305 294 255 299 261 270 281 255 290 275 261 277 309 309 276 306 289 250 290 279 310 340 319 340 361 383 401 366 369 381 344 331 348 412 466 485 481 479 559 605 697 590 883 779 763 799 833 765 792 793 520 412 315 319 381 333 544 456 437 367 407 312 385 371 278 294 241 197 187 190 166 157 283 189 143 170 143 103 100 75 81 70 88
293 296 299 276 282 301 291 283 284 276 271 233 235 273 254 267 232 253 298 272 296 295 218 276 277 258 297 330 332 336 396 404 372 349 377 344 358 347 358 394 415 454 447 491 516 724 481 670 831 780 778 837 820 813 843 801 656 445 518 331 388 406 592 512 518 539 469 359 556 310 316 261 233 197 191 176 154 284 310 160 136 134 143 114 99 88 101 106 88
307 289 270 283 252 289 286 292 280 293 251 234 206 234 249 228 229 283 281 246 279 268 246 267 274 270 304 336 325 313 357 403 374 380 355 306 365 360 409 388 396 427 489 472 554 694 594 626 753 796 831 816 850 903 886 686 596 363 528 365 368 569 589 521 403 469 379 468 407 298 268 259 224 206 185 167 212 377 186 141 149 118 100 111 95 89 115 118 85
254 256 271 306 251 262 275 278 269 270 263 257 238 252 228 209 217 246 254 323 283 264 261 272 284 318 273 310 332 316 312 338 392 354 319 334 339 357 405 393 364 454 440 495 598 658 557 703 712 777 860 889 995 1043 978 598 477 394 454 314 344 662 548 725 515 444 372 642 297 267 228 234 217 197 182 161 331 287 168 138 135 155 130 108 94 90 116 119 105
254 260 244 285 264 241 266 241 291 281 252 267 245 268 281 257 206 245 287 269 251 258 291 289 315 310 293 293 328 360 330 390 364 370 366 338 384 337 388 380 370 478 485 497 731 715 585 704 638 889 959 989 1004 1109 937 611 445 433 498 272 434 628 586 546 500 394 599 451 322 262 191 206 199 188 167 311 368 206 156 160 172 181 167 112 95 92 108 135 127
256 245 257 252 271 250 276 257 255 291 266 264 255 240 262 234 233 208 231 245 268 299 290 295 296 303 324 304 320 332 356 386 385 368 363 354 342 366 410 421 472 458 526 503 673 769 564 533 753 1003 958 1020 966 1089 713 542 393 448 428 270 413 825 534 470 580 562 698 434 307 220 245 196 186 177 194 375 351 170 163 171 181 278 128 106 77 86 93 123 124
282 262 270 233 263 248 260 247 244 272 262 252 252 248 236 215 233 230 211 287 307 294 302 310 291 302 329 302 320 307 337 354 408 380 362 375 366 374 399 397 458 485 529 481 712 733 581 620 763 886 1022 1041 1034 1171 739 587 371 556 317 314 469 687 582 643 647 748 612 435 263 245 378 251 201 254 437 396 273 207 198 194 174 221 132 98 90 71 81 84 122
260 289 268 260 235 252 265 259 264 232 252 228 257 218 248 213 233 266 279 273 286 310 305 281 292 297 350 328 351 326 319 337 398 370 336 365 375 380 413 437 460 550 544 523 808 687 638 682 861 958 1072 1004 1103 1176 713 535 348 367 302 528 593 666 467 634 672 562 407 303 248 367 367 238 221 393 375 316 279 202 192 200 231 197 112 100 80 71 80 60 76
254 262 263 257 237 237 243 227 240 227 256 235 216 228 222 217 251 265 272 282 268 323 280 280 310 287 314 313 331 317 333 382 364 387 341 389 382 397 465 464 468 567 601 559 687 659 694 851 926 694 768 908 1058 1027 514 453 473 323 481 486 640 835 584 689 526 366 315 277 252 363 299 231 282 508 377 195 182 202 165 254 195 157 123 95 76 63 83 80 89
240 256 239 265 240 242 265 254 259 265 247 234 213 217 258 228 236 231 258 269 249 277 295 302 286 300 298 323 330 336 315 340 364 376 389 374 385 453 449 455 539 606 632 563 706 646 748 984 1025 857 789 975 1127 1051 595 559 392 380 608 504 825 616 618 540 397 348 292 262 570 316 283 323 517 563 423 238 169 155 147 193 161 140 111 106 88 73 81 106 96
242 274 270 230 229 251 274 258 261 240 246 217 210 233 254 237 228 246 265 240 257 270 283 287 295 275 340 316 344 307 324 375 362 363 384 381 421 473 455 472 575 595 624 632 688 643 782 944 1000 876 948 1131 1111 790 672 544 504 574 682 777 747 567 781 486 416 356 288 402 441 333 235 532 792 452 290 170 183 159 145 142 132 138 111 83 71 66 92 104 72
232 245 250 230 235 270 240 243 238 242 245 260 213 241 277 269 285 226 214 296 273 236 274 278 273 311 321 355 299 288 297 352 358 374 398 411 423 475 469 531 586 631 667 681 675 658 850 973 885 940 935 891 727 704 840 515 498 827 454 671 543 629 719 486 406 311 275 530 449 245 280 608 532 318 206 188 186 147 140 122 127 128 91 88 69 82 115 93 80
260 238 231 223 237 244 263 240 222 222 228 240 215 259 287 283 274 290 231 270 321 297 290 308 318 330 303 296 268 333 318 326 376 385 398 387 420 486 491 551 625 652 735 762 717 650 835 924 937 954 906 945 926 594 715 531 580 679 578 707 512 477 589 491 386 337 300 661 374 252 298 462 569 277 240 194 145 131 109 119 124 105 90 103 99 117 111 97 56
260 237 254 225 208 228 227 250 226 210 227 234 257 245 251 271 287 272 231 251 308 279 293 288 314 293 311 271 311 300 291 342 331 377 374 411 463 472 501 600 663 668 774 864 727 639 934 1016 986 1067 1052 1147 856 721 717 535 755 615 762 763 728 467 449 499 384 333 308 437 280 284 309 726 752 335 206 192 158 148 113 121 92 95 87 127 113 116 86 78 36
249 220 241 223 212 226 210 224 236 230 245 250 223 253 278 260 259 253 282 244 272 266 234 278 288 276 280 305 294 321 285 379 332 319 377 369 494 527 611 621 700 775 747 872 653 798 1027 968 1028 1118 1145 1249 725 910 674 649 756 476 850 841 589 427 414 421 332 338 392 518 269 303 433 992 667 296 195 167 169 161 133 121 98 89 86 107 100 104 82 82 48
214 240 227 233 244 234 223 226 220 199 234 205 205 241 266 245 289 295 255 271 272 255 302 303 289 312 311 347 316 335 295 342 298 294 336 427 517 522 625 619 751 860 809 777 679 888 1080 1057 1111 1132 1213 1063 741 1045 709 682 736 608 975 1000 564 532 521 398 403 339 473 406 314 437 671 803 458 229 224 162 165 139 131 103 106 88 94 89 73 98 99 58 49
240 238 215 237 242 226 213 226 225 223 241 215 198 193 245 258 279 279 266 270 285 260 273 305 295 311 316 300 351 313 345 359 334 339 369 428 515 610 708 686 798 886 878 742 830 1168 1143 1024 1110 1146 1096 900 983 802 630 822 538 675 936 1022 821 561 507 388 381 362 575 328 472 566 925 822 357 182 171 159 161 144 119 98 87 99 87 104 88 77 86 67 44
