Heavy_metals/usgrids5km/globedem.asc
ncols 940
nrows 592
xllcorner -2405000
yllcorner 260000
cellsize 5000.00
nodata_value -32767
[rows 273 to 311 of 592, columns 623 to 711 of 940]
177 168 165 146 157 170 179 187 189 177 185 187 203 245 221 212 201 176 211 225 228 259 252 271 251 269 265 237 208 200 200 204 218 227 239 257 262 276 285 294 290 283 297 303 302 281 244 252 247 150 212 226 262 221 201 190 180 192 193 205 258 271 268 281 293 295 303 308 314 317 289 262 260 256 282 329 329 281 198 199 207 247 238 243 234 264 251 238 247
171 162 145 149 168 175 180 175 176 175 179 194 218 223 202 210 204 202 192 222 215 211 229 232 245 263 245 258 218 196 193 198 207 225 240 251 261 265 275 290 304 276 291 300 292 279 251 210 218 170 193 222 268 214 213 176 176 227 259 227 237 273 267 281 286 291 295 301 320 309 292 260 249 242 252 300 346 324 273 237 199 296 270 214 230 246 262 249 220
161 144 151 162 171 186 187 176 167 177 192 191 215 201 215 189 229 232 221 192 202 241 227 238 226 246 231 268 205 200 188 197 202 224 233 242 243 259 268 278 293 286 292 304 297 259 243 236 172 191 241 223 235 196 174 235 187 239 259 265 231 252 266 281 282 288 295 300 311 293 274 274 250 253 229 293 274 320 283 242 199 240 232 249 215 242 255 246 240
164 140 149 163 172 178 180 181 165 175 182 171 189 181 180 211 231 229 244 237 232 236 213 209 215 228 225 247 212 200 184 189 201 215 224 229 233 251 253 273 290 298 288 296 285 260 216 193 164 222 245 267 258 252 218 217 209 186 210 258 260 255 259 285 289 289 308 316 326 302 280 253 246 265 296 302 278 271 276 283 169 251 249 212 200 242 267 271 241
148 140 163 162 160 170 167 184 175 163 166 167 170 188 168 204 229 240 251 252 250 225 191 218 238 219 229 259 203 191 194 183 196 198 204 212 234 242 249 267 290 295 293 292 274 254 211 196 152 207 245 252 264 251 231 201 199 225 164 242 262 271 275 288 290 295 305 322 299 309 277 273 285 251 304 281 277 243 236 215 220 248 281 197 227 226 241 276 278
148 143 163 150 164 164 156 173 184 170 160 178 165 189 197 211 214 245 252 220 229 199 186 218 210 178 207 239 195 187 181 180 185 198 211 223 229 236 252 267 279 298 273 260 268 235 199 225 214 188 224 265 261 264 252 218 219 220 228 176 248 259 274 279 296 290 287 298 284 304 301 272 247 233 242 299 288 309 269 241 265 198 258 203 218 235 229 246 272
148 139 159 160 162 156 147 161 184 174 177 164 159 196 203 202 234 251 251 211 216 171 191 228 188 238 235 226 203 185 177 181 184 191 206 216 221 239 257 271 281 293 292 281 231 207 248 249 205 190 211 242 264 268 257 230 235 217 230 202 227 258 261 258 262 261 260 286 282 278 280 280 268 231 271 260 328 312 299 308 237 200 205 207 222 233 260 273 274
151 135 163 155 164 150 168 172 177 176 163 160 161 185 204 199 228 223 254 211 189 194 230 235 224 184 239 207 187 172 173 186 172 192 187 195 226 245 255 272 275 283 283 283 270 262 261 243 202 208 155 199 241 262 241 210 185 224 249 221 187 227 239 236 191 228 276 263 258 251 274 284 238 256 268 294 328 310 256 249 222 235 198 195 187 218 227 232 277
150 138 148 149 155 149 164 173 157 163 164 162 164 161 186 215 229 217 244 228 183 186 209 200 245 211 193 190 169 169 180 186 182 182 187 214 223 243 249 260 268 270 246 286 266 269 274 253 246 193 201 219 256 268 257 239 190 225 214 244 215 204 211 229 203 270 197 225 248 278 275 248 258 196 271 317 344 308 299 198 263 229 247 245 221 221 225 217 243
151 139 141 136 147 148 160 173 157 151 156 153 156 172 216 212 240 212 237 215 190 202 221 239 244 258 261 170 169 189 186 201 180 177 193 212 216 233 248 260 258 244 231 267 250 216 238 194 172 159 205 215 255 260 248 232 217 255 192 231 244 273 231 258 273 270 270 195 271 252 238 198 265 253 187 179 257 229 217 207 285 277 195 247 187 261 234 241 228
160 148 153 132 138 163 161 177 168 156 151 152 172 177 195 227 239 214 200 219 172 210 207 222 240 228 231 160 186 209 177 172 172 174 179 189 211 223 242 264 278 256 208 230 248 186 172 210 177 232 220 216 265 250 254 241 251 245 208 233 226 278 256 264 276 287 282 271 231 250 218 225 250 245 279 251 237 274 226 253 296 246 250 258 185 176 186 200 208
172 161 156 137 136 146 150 157 151 144 152 152 171 173 188 210 219 203 171 187 168 204 209 198 204 226 185 158 182 165 174 172 175 171 188 197 205 216 243 248 261 239 205 207 262 162 224 217 245 216 222 184 247 268 279 264 247 223 196 190 255 260 263 235 256 257 271 277 259 257 273 239 232 264 278 301 313 230 239 291 278 267 243 249 209 228 214 183 212
162 150 157 134 134 151 139 159 144 144 145 153 167 177 211 173 202 181 194 178 177 197 191 201 199 180 173 182 181 152 165 167 169 177 186 203 210 223 235 194 253 236 213 189 130 228 253 234 226 228 245 231 238 246 261 247 233 209 251 217 216 209 234 218 216 241 267 274 240 238 255 252 267 275 311 292 269 221 295 287 247 230 240 253 193 225 232 226 222
147 145 149 134 134 139 150 157 153 145 153 157 159 171 189 191 171 154 188 201 249 210 197 182 184 193 188 226 253 203 209 177 175 177 174 181 198 218 240 180 221 269 271 197 181 168 235 216 244 261 258 240 232 235 265 245 224 206 251 248 211 232 240 251 248 267 282 289 268 266 278 251 267 318 319 312 290 259 322 312 276 249 264 230 219 243 203 222 238
130 138 135 132 132 155 171 155 139 137 149 145 148 164 164 174 175 179 184 212 218 217 209 215 224 231 218 217 253 240 255 214 205 183 186 198 205 214 229 194 204 249 244 215 231 247 220 231 237 253 276 262 222 229 264 261 247 234 225 260 237 208 231 231 241 262 266 284 287 281 283 285 321 324 328 346 309 262 325 302 272 246 243 220 226 263 239 236 266
128 133 128 127 142 157 156 157 137 142 146 151 153 165 161 166 152 183 213 216 203 198 198 210 229 246 252 251 249 260 289 287 247 211 193 203 216 209 222 241 164 236 228 241 260 257 216 165 208 252 269 246 240 247 268 269 253 245 232 231 257 241 245 209 229 236 271 280 290 280 278 287 301 289 377 348 321 318 298 289 276 290 253 213 232 262 256 232 258
142 136 128 128 142 164 146 147 136 143 159 160 157 164 164 157 181 177 204 191 172 195 199 211 221 237 257 249 231 256 261 276 266 221 179 187 201 203 225 209 168 229 242 263 269 248 220 168 177 230 247 260 254 250 254 265 263 258 245 224 242 261 257 268 246 235 233 230 259 262 287 275 297 276 319 339 354 340 331 291 276 268 233 224 259 276 255 239 235
152 135 128 128 145 161 154 144 131 150 147 156 173 167 171 152 178 172 160 183 182 187 209 225 237 250 245 234 224 247 253 241 264 189 157 170 185 187 211 195 211 232 247 259 269 247 229 229 197 193 223 245 253 248 253 270 265 270 257 241 250 262 267 276 278 269 243 233 273 268 260 271 225 293 310 294 313 332 301 291 278 267 223 258 239 245 267 254 261
138 139 130 127 142 148 149 153 133 148 147 154 162 159 162 168 171 189 189 207 202 212 225 201 232 238 238 229 224 228 229 244 235 167 153 155 184 179 164 201 233 238 249 259 264 250 250 237 216 207 226 228 255 259 268 269 271 276 263 260 240 251 255 266 269 288 282 269 236 216 239 246 240 296 282 319 330 340 327 318 299 284 241 277 264 230 239 232 203
140 130 125 127 136 144 138 144 140 136 138 145 149 154 143 159 175 184 193 193 175 210 232 236 235 234 218 216 214 234 258 245 217 233 154 156 178 174 202 205 232 246 234 260 271 261 256 242 222 209 205 226 248 269 279 292 277 289 267 262 261 265 266 256 265 283 297 268 271 273 223 238 254 307 247 309 304 319 331 326 295 271 262 298 270 275 270 269 218
136 149 122 125 147 138 131 138 133 147 151 152 146 146 150 163 184 176 176 198 175 196 209 209 241 233 193 214 228 250 258 254 245 276 156 142 164 152 185 220 233 235 231 247 255 248 256 229 240 226 209 202 259 250 261 275 278 285 279 276 260 266 273 284 270 268 300 290 302 298 229 229 246 263 230 270 296 350 331 314 289 255 275 286 271 266 244 245 238
127 129 125 130 151 157 151 161 140 157 158 149 153 151 152 148 167 173 194 181 180 203 237 233 212 203 186 222 234 247 246 236 247 246 143 147 141 179 201 218 218 226 235 242 240 246 256 266 247 243 186 199 232 241 246 254 261 267 282 285 266 262 261 269 284 273 284 293 286 280 251 250 209 211 287 314 335 323 339 310 291 249 260 265 294 267 248 240 251
127 138 124 146 133 137 148 151 150 149 152 157 150 142 152 169 175 192 208 201 190 199 185 217 226 205 195 230 218 225 228 243 249 186 127 139 138 178 199 215 206 219 234 229 232 239 263 266 232 223 203 234 238 249 253 258 270 269 278 288 267 279 278 266 297 291 287 295 307 267 244 262 236 268 251 281 296 318 307 326 281 308 294 287 250 243 284 286 277
122 125 125 146 150 144 134 133 145 150 156 158 151 146 146 155 167 195 223 218 225 215 172 187 230 214 192 212 220 207 243 246 194 173 134 139 163 165 202 198 204 223 233 229 226 237 293 248 226 236 222 225 253 261 254 268 275 278 282 282 287 299 277 276 293 294 304 294 284 267 261 255 252 302 325 284 276 314 293 319 316 314 335 286 282 281 284 274 315
123 123 136 146 151 146 142 137 144 150 170 160 169 156 153 153 171 187 206 192 223 207 177 207 180 189 183 208 215 210 224 256 213 128 135 144 151 165 203 210 188 218 229 221 228 228 240 254 244 234 239 234 253 268 268 272 279 288 292 285 301 298 279 294 288 309 312 295 274 271 281 309 318 308 282 335 308 281 292 276 263 310 330 297 312 274 293 299 239
128 138 144 139 146 142 162 154 152 150 157 173 178 173 155 164 173 176 179 190 204 222 191 162 194 162 181 195 190 214 219 239 249 127 158 144 141 171 202 197 197 207 224 212 211 234 242 262 240 245 250 211 264 271 280 277 284 297 304 299 303 303 295 304 313 317 281 288 262 263 293 334 322 307 354 345 298 301 294 278 333 320 343 306 272 258 271 262 265
132 148 154 135 137 130 132 143 161 169 171 174 153 148 156 160 160 142 166 199 186 188 222 161 181 188 130 182 195 208 209 223 238 131 168 159 163 184 186 181 203 198 208 196 218 229 248 243 258 253 249 237 229 271 290 286 300 307 317 319 291 296 292 303 287 289 237 275 308 268 320 322 363 366 365 329 304 280 316 294 310 296 345 343 320 291 235 224 277
129 137 147 147 138 144 133 133 144 157 156 144 146 134 140 157 162 151 166 168 192 180 229 129 132 178 200 179 209 181 227 228 218 130 189 214 174 160 182 200 175 171 175 168 189 218 224 230 251 241 242 240 231 262 271 295 314 300 303 309 285 273 278 287 278 266 228 243 245 306 280 298 310 360 360 338 337 297 320 296 304 287 311 337 351 373 290 251 269
127 129 132 147 138 158 137 143 155 146 144 138 139 134 140 145 141 149 162 173 192 182 196 150 174 149 185 190 179 181 209 206 199 159 190 222 162 147 183 168 167 206 191 219 211 224 219 228 251 261 262 253 241 247 264 291 302 285 295 297 250 282 246 252 234 207 226 194 202 215 282 253 327 286 300 341 320 310 336 323 331 301 290 317 342 310 275 270 280
134 143 142 143 140 136 139 139 143 130 135 132 126 138 143 135 129 139 131 184 199 181 150 175 184 219 224 168 142 182 190 150 143 180 237 172 142 168 200 188 182 210 224 211 227 234 251 220 242 258 264 255 241 242 259 278 289 289 273 245 264 281 252 256 222 250 240 243 260 327 312 332 305 346 343 339 321 343 361 351 328 326 311 302 332 360 282 256 271
133 146 163 157 134 133 122 127 132 130 124 126 129 134 132 145 125 138 147 179 167 159 132 153 209 219 223 193 186 188 196 165 222 201 186 204 204 156 211 204 196 208 227 225 237 241 228 236 230 244 265 252 274 245 237 258 282 249 265 267 282 284 263 269 259 216 224 257 373 386 360 314 339 343 337 341 316 351 364 353 366 322 314 317 339 349 326 293 260
123 138 144 136 127 122 122 129 132 129 130 119 134 134 130 127 133 131 135 175 150 214 138 164 210 221 212 201 215 203 221 189 224 191 177 150 152 186 199 228 207 217 228 230 213 209 241 245 246 232 263 257 279 280 277 228 238 255 255 279 279 289 269 281 270 234 254 263 277 287 315 336 345 320 302 320 321 319 317 318 349 345 353 370 339 336 331 339 345
126 123 142 137 120 123 123 128 122 146 124 121 125 133 123 122 117 140 118 175 161 142 175 153 186 184 185 199 224 225 231 206 223 206 192 179 145 164 191 182 186 197 227 215 207 229 216 247 251 255 253 263 277 283 257 277 246 239 238 275 271 297 303 289 283 256 244 208 305 294 296 288 312 274 265 275 263 271 339 355 300 293 355 377 411 376 361 323 308
127 144 134 122 115 116 119 121 114 133 119 125 135 127 120 147 116 137 135 159 133 153 185 175 151 198 194 194 224 242 231 226 217 233 234 229 165 150 162 191 174 185 205 186 206 228 237 242 269 267 242 265 280 287 243 274 263 258 255 276 288 290 302 324 310 280 268 241 262 297 290 324 299 236 263 309 298 257 306 314 368 305 361 375 375 397 378 302 290
115 110 114 115 111 131 120 119 120 118 117 126 128 125 120 136 134 138 157 166 182 141 156 181 206 218 224 204 196 215 239 237 225 249 258 237 224 159 150 173 179 208 208 216 232 226 253 244 267 266 260 271 286 302 278 253 295 297 289 297 280 293 290 306 298 278 227 350 302 300 312 267 288 307 272 280 344 322 305 316 350 370 381 385 425 400 381 345 333
113 109 115 114 120 130 130 135 120 121 123 120 118 116 126 134 144 166 139 176 180 157 158 183 213 235 206 228 238 247 220 229 246 247 242 256 235 238 151 157 191 190 220 216 241 238 257 247 259 289 282 287 294 298 302 277 272 299 314 311 291 296 304 314 314 401 405 377 322 351 306 299 291 269 297 297 282 336 313 297 340 330 335 420 428 403 414 394 399
119 128 124 114 122 123 123 126 141 120 115 130 127 128 125 141 144 154 159 173 200 174 196 185 192 196 222 211 220 229 208 226 229 227 224 251 255 274 270 176 171 188 214 221 237 249 274 275 277 298 330 363 371 342 311 302 278 296 316 329 327 333 359 426 441 416 404 382 393 364 311 316 301 252 300 365 356 305 330 332 331 344 338 375 417 411 468 380 410
120 120 127 134 119 127 139 145 129 125 121 124 123 130 124 124 133 146 156 159 201 213 180 197 210 178 201 217 214 219 232 234 216 211 219 242 236 255 254 199 246 215 208 217 232 254 270 286 307 249 288 320 353 348 307 314 297 281 278 303 374 349 366 377 438 408 399 371 386 361 320 296 331 292 329 341 312 312 335 362 350 359 341 377 391 420 400 455 387
128 117 117 141 125 129 142 124 121 125 128 124 120 119 129 129 143 138 151 174 166 188 203 163 171 192 205 209 179 224 224 233 210 210 215 218 221 239 269 183 198 189 194 205 244 225 227 276 265 295 343 368 370 331 305 353 342 308 287 282 307 356 342 382 405 412 423 380 387 378 352 337 312 243 300 328 316 301 359 284 350 412 429 347 416 460 448 422 471
