Heavy_metals/usgrids5km/globedem.asc
ncols 940
nrows 592
xllcorner -2405000
yllcorner 260000
cellsize 5000.00
nodata_value -32767
[rows 195 to 233 of 592, columns 712 to 800 of 940]
193 165 158 155 153 153 153 153 153 153 153 153 153 153 153 153 154 154 154 154 153 153 153 154 155 156 152 154 159 161 178 232 336 411 440 475 481 505 509 468 423 431 443 431 388 489 544 495 439 542 608 636 579 507 605 609 543 492 569 557 505 564 592 611 728 649 685 659 738 737 635 580 560 555 570 450 559 496 492 458 464 576 657 616 410 372 342 335 364
168 158 155 153 153 152 152 152 152 152 152 153 153 153 153 153 153 153 153 152 152 152 152 154 155 153 155 162 169 178 231 321 433 435 451 473 487 503 539 470 446 472 456 410 405 522 579 467 515 539 604 652 568 511 588 573 556 475 570 611 590 621 596 624 700 713 730 663 714 634 613 693 676 644 594 434 450 511 460 421 578 647 672 563 461 426 325 478 420
163 157 154 152 152 152 152 152 152 152 152 152 153 153 153 153 153 152 152 152 152 152 152 151 152 155 162 168 194 243 321 406 431 432 488 453 512 491 507 483 473 491 450 466 437 454 600 566 485 610 621 623 566 542 603 590 566 477 505 575 639 670 663 666 643 667 742 649 610 648 571 543 514 521 521 521 496 551 579 487 590 635 673 410 369 501 625 566 583
163 155 153 152 152 152 152 152 152 152 152 152 152 152 152 152 152 152 152 152 152 152 152 154 158 161 169 213 258 327 374 409 428 425 457 483 488 471 478 486 509 493 497 514 503 452 561 573 492 553 606 634 608 552 648 580 510 523 539 536 618 594 611 637 617 678 739 683 731 583 640 534 601 489 539 525 529 641 565 553 537 589 598 452 596 660 623 618 554
158 154 152 151 151 151 151 152 152 152 152 152 152 152 152 152 152 152 152 152 153 155 159 159 161 166 212 254 297 374 411 402 435 416 434 517 495 476 477 506 487 538 512 479 501 446 544 558 438 567 603 625 629 586 642 637 586 514 621 549 541 594 569 569 674 637 765 737 595 613 653 572 616 510 550 544 543 551 638 653 617 547 473 535 695 571 517 496 467
155 153 152 151 151 151 151 151 151 152 152 152 152 152 152 152 152 152 153 153 155 159 161 165 188 217 248 290 340 414 411 378 416 427 449 462 459 455 472 509 491 513 469 470 463 404 482 526 504 526 536 590 613 638 630 631 618 594 572 632 566 631 647 609 620 603 706 710 680 642 661 676 659 567 474 520 468 521 550 538 541 474 468 629 635 623 492 516 504
153 152 151 150 150 150 150 151 151 151 152 152 152 152 152 152 153 153 154 156 158 161 173 199 225 252 285 358 390 419 451 385 390 425 435 448 500 514 483 494 485 452 449 423 457 473 463 557 586 537 540 575 606 595 616 604 621 585 570 635 627 614 609 554 560 548 629 651 589 536 636 603 588 566 577 411 471 495 578 500 624 566 364 508 532 536 487 442 545
152 151 150 150 150 150 151 151 151 152 152 152 152 152 153 153 154 155 158 159 166 186 203 231 256 273 333 380 414 388 399 399 435 472 479 496 484 509 476 509 461 479 516 454 539 509 490 505 537 563 554 558 604 623 643 635 630 634 572 597 578 532 579 524 512 580 586 615 511 590 516 522 491 560 444 419 503 495 535 526 598 419 444 431 398 454 534 490 560
152 151 150 150 150 150 150 151 151 152 152 152 152 153 153 154 156 158 164 176 210 227 250 278 273 297 340 380 435 395 369 391 424 489 458 460 453 479 501 499 483 504 488 481 538 524 558 482 509 537 561 576 614 591 615 613 616 647 634 596 541 492 546 600 496 548 546 621 551 510 590 606 592 419 567 496 526 458 465 484 521 424 436 419 363 372 467 520 462
151 150 150 150 150 150 151 151 152 152 152 152 153 154 155 158 163 174 193 222 249 261 282 295 291 312 353 362 407 405 382 391 375 423 448 435 445 501 483 457 490 451 452 490 530 543 563 524 498 569 552 586 591 571 572 575 594 651 568 485 464 484 523 533 499 498 625 568 464 548 546 582 631 369 471 523 398 574 494 515 537 274 437 379 334 476 453 361 295
151 150 150 150 150 151 151 152 152 153 153 154 155 157 163 173 184 200 229 254 261 269 289 314 323 295 364 361 374 399 385 446 424 418 406 414 451 464 475 474 479 444 469 469 510 503 493 489 526 531 555 600 581 544 536 553 609 604 555 496 466 471 477 532 453 559 529 508 542 552 526 626 584 532 434 583 357 576 453 519 453 349 329 257 292 341 337 324 332
151 150 150 150 151 151 152 152 153 154 155 156 159 167 185 195 209 233 252 265 278 288 299 344 347 328 344 396 361 371 405 411 441 473 474 449 438 455 437 463 476 449 444 471 496 467 531 529 509 547 555 559 543 535 498 575 596 522 503 504 516 509 399 538 528 458 606 422 568 528 497 445 479 583 610 519 373 550 517 382 295 230 346 260 216 229 217 214 310
151 151 151 151 151 152 152 153 154 156 159 162 178 202 220 231 245 244 252 279 287 302 312 330 339 356 342 394 382 373 434 425 444 465 471 456 471 441 438 484 475 444 440 477 442 463 524 540 522 511 536 509 516 519 508 589 549 530 580 583 518 447 429 483 576 486 543 338 495 424 431 431 412 492 520 525 507 284 387 272 264 235 235 302 444 383 175 220 195
152 151 151 151 152 152 153 154 157 160 168 179 207 234 266 277 297 255 252 291 302 305 324 318 313 321 344 354 382 380 401 400 431 443 441 444 431 458 424 473 466 427 461 453 448 485 508 522 531 498 514 507 500 499 522 546 538 570 540 546 465 413 431 441 444 542 565 442 379 407 511 598 465 434 506 569 531 309 283 165 200 287 332 472 223 204 280 327 295
152 152 152 152 152 153 154 157 160 171 184 206 237 290 338 344 308 259 255 287 312 307 324 317 318 321 344 359 340 364 383 401 420 472 419 407 428 427 427 435 420 400 405 443 479 490 506 503 500 518 480 486 472 517 605 597 589 616 556 443 450 445 496 466 429 490 436 390 378 554 641 535 436 433 402 426 389 301 173 212 301 368 527 175 185 155 167 181 177
153 153 153 153 153 154 156 160 165 188 211 260 296 335 365 357 319 262 263 281 317 321 308 327 323 364 329 387 376 374 384 385 382 437 398 409 425 427 396 401 395 443 454 465 450 492 482 479 474 510 482 477 497 603 593 553 588 570 477 431 533 597 545 594 569 584 495 415 478 598 592 534 490 422 289 327 248 190 382 359 383 537 312 417 393 206 168 180 197
154 154 154 154 155 156 159 162 186 208 248 301 342 371 376 366 327 266 264 276 313 333 303 339 321 357 358 361 398 388 427 426 386 386 377 413 402 388 384 428 433 444 461 481 484 473 452 445 446 478 521 512 552 571 528 538 604 491 445 517 625 627 572 605 624 507 431 496 649 633 499 500 396 375 333 194 264 462 473 467 598 504 443 556 299 176 148 187 166
155 154 155 156 158 158 162 183 233 241 324 336 380 365 374 369 325 267 265 271 298 329 300 334 349 326 341 328 406 398 398 420 414 420 379 380 371 403 442 455 462 469 495 463 470 449 427 462 489 519 510 513 556 496 494 602 559 450 496 585 600 630 560 539 544 414 346 423 620 498 439 418 399 355 204 260 250 463 492 513 511 473 416 334 175 157 150 176 260
156 157 157 157 159 161 174 221 283 264 347 338 373 366 379 354 331 261 263 274 282 320 305 295 356 350 330 338 347 381 384 416 437 426 392 406 439 407 426 425 437 456 455 445 443 440 487 506 506 446 476 527 527 502 523 563 467 482 553 628 619 618 526 480 418 347 448 533 500 426 450 449 328 233 321 245 448 506 419 485 522 455 324 191 168 153 150 189 178
158 158 158 159 162 176 202 284 323 297 319 349 358 359 360 355 349 262 258 276 279 308 317 296 329 359 331 344 367 394 398 398 407 415 418 387 385 408 420 428 445 435 405 419 447 440 470 469 476 448 480 520 527 509 500 482 474 546 622 628 530 472 433 412 404 366 434 503 444 482 520 379 304 292 287 339 372 459 550 577 555 420 220 172 193 183 205 170 208
169 167 171 186 190 191 229 300 345 311 309 349 368 354 351 375 321 263 260 280 280 303 328 315 294 336 321 325 352 362 393 412 431 442 414 432 365 392 421 440 431 430 420 403 426 455 480 482 459 429 452 514 508 465 451 448 529 606 670 549 440 390 418 403 404 457 415 453 553 475 413 356 289 378 403 470 543 486 383 587 456 227 183 198 227 198 175 185 192
195 202 209 218 225 200 233 289 325 348 304 353 363 357 344 357 307 267 267 281 282 295 341 312 335 304 299 306 324 379 367 390 410 425 442 422 411 371 360 413 403 393 384 399 421 439 466 427 435 465 470 495 467 462 467 504 549 605 624 457 403 435 508 476 487 480 439 564 624 491 374 255 343 354 513 458 378 367 444 453 285 357 442 248 227 215 176 146 238
208 223 222 236 250 268 230 255 299 313 311 332 354 354 356 341 314 276 277 283 283 284 345 333 323 312 325 347 366 370 364 396 398 405 432 443 436 411 419 328 333 346 379 407 442 439 438 409 440 473 494 518 498 463 458 531 569 537 527 393 418 488 560 517 493 467 539 662 671 391 296 288 313 483 414 375 373 402 498 431 469 322 219 202 162 225 176 126 211
221 232 230 247 286 318 291 230 303 316 318 339 360 359 359 322 290 285 277 276 275 275 334 347 327 273 312 347 370 376 357 398 388 397 412 405 415 429 413 323 376 387 389 422 427 450 415 397 431 449 468 506 467 435 483 576 582 514 471 401 466 487 544 500 464 562 578 611 442 396 347 315 405 428 396 410 563 542 513 511 357 214 195 290 354 211 226 159 187
231 241 245 262 282 319 314 256 274 325 318 340 350 350 373 346 301 289 278 277 274 275 310 336 305 301 298 338 347 371 370 396 380 393 392 399 426 434 415 371 345 421 408 413 405 399 380 457 451 437 449 453 427 461 565 622 517 415 427 456 460 509 558 510 490 605 617 463 432 394 358 352 408 381 431 497 440 473 409 333 222 267 400 405 213 181 197 165 214
240 249 262 306 304 305 320 305 238 306 327 329 337 354 355 344 306 286 284 292 285 286 290 310 314 332 297 302 349 328 380 373 371 384 382 402 400 417 403 402 394 339 369 314 382 417 407 420 495 515 427 438 459 526 557 494 441 459 460 493 471 512 515 507 530 643 530 393 418 406 370 397 577 536 510 354 272 342 268 241 480 449 278 231 248 192 148 166 261
251 264 265 315 320 310 316 308 265 303 321 324 326 337 326 315 304 292 293 307 297 311 319 300 298 338 327 301 320 319 363 370 362 373 378 416 408 407 404 394 385 357 360 411 371 402 410 409 428 452 430 439 451 536 525 442 530 469 506 524 489 447 505 545 649 605 383 443 387 371 464 475 633 581 455 236 246 221 267 446 254 271 227 186 232 188 131 226 187
270 290 283 283 312 321 317 302 266 299 314 320 335 333 333 339 331 306 303 330 310 315 337 317 317 318 318 290 288 309 345 353 388 404 401 408 389 380 396 372 392 423 397 343 362 410 460 422 411 416 400 442 466 508 498 448 507 440 534 491 499 469 572 700 609 393 416 378 343 479 435 363 313 463 260 233 206 320 365 222 222 201 244 200 199 254 144 196 193
287 322 317 312 302 321 322 312 297 288 319 321 340 335 355 351 334 316 312 343 319 332 342 316 329 351 350 332 269 331 370 391 402 391 388 385 365 359 389 360 363 401 373 301 342 385 383 391 411 416 405 415 486 518 487 453 482 479 568 509 485 517 639 643 464 374 370 337 436 316 266 241 338 321 308 286 159 300 197 175 173 203 206 191 206 234 189 176 180
288 339 328 348 340 319 317 317 307 308 319 340 342 347 359 349 333 323 325 350 350 337 361 327 338 360 359 355 305 327 378 332 382 385 370 391 358 361 367 374 391 353 363 241 338 409 382 386 363 375 381 439 479 495 476 468 475 497 608 473 460 577 664 552 329 309 332 359 332 277 328 235 421 330 295 169 298 268 239 143 237 391 231 167 181 183 166 152 215
274 319 338 333 360 318 323 320 309 306 325 342 359 351 355 345 318 328 338 356 360 336 367 349 340 356 336 329 339 296 323 320 362 372 379 363 354 375 389 399 386 321 354 275 357 396 389 330 353 364 350 383 455 476 473 497 519 571 612 471 479 608 648 404 422 385 504 401 268 332 247 332 367 343 226 239 402 251 170 281 380 254 210 198 242 166 131 141 177
295 284 308 306 326 324 329 348 319 321 349 340 350 351 356 349 337 326 341 363 379 371 332 342 354 348 346 317 317 344 304 285 312 338 347 330 369 355 365 385 363 351 308 297 342 364 363 351 370 342 398 409 452 481 539 553 539 605 577 529 517 682 548 368 434 520 351 304 296 268 315 314 339 234 226 459 381 210 261 405 233 268 272 260 222 159 128 198 152
346 308 312 308 299 300 313 349 307 314 336 364 355 350 380 375 378 361 344 362 395 379 347 364 368 348 327 326 308 341 308 348 338 359 333 347 353 362 367 364 334 320 319 362 292 335 330 310 362 381 395 420 480 497 563 542 591 626 590 565 563 721 522 404 617 359 331 469 271 238 292 278 389 222 372 398 231 259 440 244 269 214 237 194 168 252 181 231 142
350 330 357 346 341 307 313 322 345 306 340 343 341 329 351 371 371 385 378 382 371 363 338 340 340 339 315 316 338 340 277 337 340 318 350 335 349 363 356 319 346 283 307 332 351 389 341 374 404 394 369 470 435 502 562 531 633 635 593 587 669 702 431 371 418 325 342 509 279 265 407 318 270 278 399 338 258 401 325 234 258 295 178 224 241 172 140 125 114
343 351 360 358 340 338 316 308 332 302 310 331 336 332 346 381 359 363 378 390 366 351 369 351 303 321 302 353 374 340 274 251 285 341 342 360 372 340 348 344 290 345 332 325 365 405 355 372 362 368 333 460 452 593 509 544 652 611 617 594 676 674 404 339 320 470 348 344 306 269 391 412 219 254 312 280 301 403 233 327 423 348 215 246 174 133 130 126 126
353 358 327 339 341 334 339 334 356 336 292 335 331 336 363 350 337 341 346 373 370 364 352 338 353 348 325 304 358 271 275 314 255 307 341 358 326 349 330 301 284 336 372 355 402 311 339 370 342 365 367 462 481 517 495 653 558 655 561 570 705 668 383 368 487 398 454 324 306 449 334 417 236 318 336 272 346 364 413 384 418 180 160 149 139 144 142 149 148
304 350 303 289 324 341 349 341 346 341 307 332 337 321 345 334 330 345 337 374 365 351 361 361 354 332 277 292 290 323 293 314 291 312 339 333 349 307 355 275 330 343 368 360 364 300 310 334 308 326 459 508 457 426 644 551 569 622 509 611 763 641 425 396 560 452 478 302 331 394 384 472 210 369 338 451 537 535 586 209 169 156 150 147 153 158 147 146 185
305 324 326 266 340 333 369 339 321 309 324 312 324 307 328 327 329 338 351 346 362 348 300 324 330 272 333 367 351 368 338 318 308 293 283 316 344 272 255 304 329 358 360 357 366 322 354 329 339 296 476 405 351 472 665 484 554 501 596 700 719 690 466 434 438 446 399 336 513 383 366 359 264 408 334 336 435 505 236 184 161 174 197 179 165 209 342 204 237
334 301 296 290 346 329 369 366 341 325 329 288 280 309 318 332 337 343 347 355 341 372 363 326 282 293 284 355 376 349 330 334 341 336 293 269 286 276 282 365 347 315 325 344 366 358 312 368 358 399 541 362 402 708 546 459 642 629 639 753 641 792 462 458 445 492 364 356 589 589 332 353 213 302 360 297 424 258 183 182 177 202 219 325 403 243 273 179 154
