Heavy_metals/usgrids5km/nlights03.asc
ncols 940
nrows 592
xllcorner -2405000
yllcorner 260000
cellsize 5000.00
nodata_value -1
[rows 312 to 389 of 592, columns 480 to 575 of 940]
0 0 0 0 0 0 0 0 0 0 1 36 6 2 0 6 0 0 0 0 0 0 0 2 0 0 0 0 0 5 0 0 0 0 0 0 3 0 0 0 3 0 2 0 0 0 6 7 5 6 4 0 0 4 0 0 4 4 5 1 4 4 4 5 4 4 6 5 5 7 6 0 5 5 6 5 4 0 0 0 0 0 0 2 0 0 0 0 0 0 0 0 5 6 7 8
0 0 0 0 0 8 1 0 0 0 1 26 7 5 0 8 1 6 0 0 0 3 1 4 0 0 4 0 0 9 5 6 5 3 4 22 4 4 0 0 0 3 9 5 4 4 8 8 10 4 5 0 0 0 0 0 0 3 6 4 4 5 4 14 5 6 9 26 36 13 5 0 1 3 5 4 0 0 0 0 0 0 0 0 0 0 0 0 0 0 6 5 4 5 12 5
0 0 0 0 0 9 2 0 0 0 0 4 0 0 0 0 0 0 2 2 4 0 5 32 6 4 0 5 6 53 25 5 5 4 5 19 5 0 0 0 0 0 4 3 4 0 6 6 6 4 7 0 0 0 0 0 0 6 6 5 0 8 4 5 5 9 25 17 54 7 4 0 0 0 0 4 0 0 0 0 0 0 0 0 0 0 0 0 0 0 1 3 5 3 6 5
0 0 0 0 0 0 0 0 0 0 14 7 0 0 0 0 0 0 0 0 0 0 4 54 5 4 3 5 6 16 9 5 0 0 0 4 0 1 0 0 3 0 4 10 5 3 5 4 4 4 5 4 4 0 2 4 1 5 7 7 7 8 6 8 5 9 7 6 56 18 0 0 5 3 0 0 0 0 4 5 0 0 0 0 0 6 6 0 0 0 0 1 5 0 6 5
0 0 0 0 0 0 0 0 0 0 4 1 0 0 0 0 0 0 0 0 0 0 3 8 2 0 0 1 5 6 6 4 4 0 0 3 0 0 0 0 0 0 5 4 2 0 1 4 4 4 4 5 4 4 4 5 7 8 10 18 11 4 5 0 0 4 4 7 17 6 3 0 0 5 0 0 0 4 5 7 0 0 0 0 0 0 4 0 0 0 0 0 0 5 8 5
0 0 0 0 0 0 5 0 0 4 10 4 0 0 0 0 0 0 0 0 0 0 0 4 1 0 0 4 0 5 5 2 4 4 1 0 0 0 4 21 5 0 0 5 5 5 5 5 4 4 5 8 5 4 4 4 4 8 17 60 15 7 5 4 0 0 0 1 5 0 0 0 0 1 0 0 0 4 27 27 5 0 0 0 0 4 6 0 0 0 0 0 0 0 20 7
0 0 0 0 0 0 3 0 0 6 58 7 4 0 0 0 0 0 0 0 0 0 0 0 0 0 0 4 0 4 8 4 4 4 0 1 0 0 5 9 5 4 4 5 5 9 11 5 4 4 5 37 7 5 4 4 5 5 11 34 7 6 5 4 2 0 0 0 5 0 0 0 0 0 0 0 0 5 4 6 0 0 0 0 0 0 0 0 0 0 0 0 0 0 6 4
0 0 3 0 0 0 0 0 0 4 30 4 0 0 0 0 0 0 0 0 0 4 0 0 0 5 3 0 0 4 5 3 4 0 0 5 0 0 0 5 0 5 4 6 6 22 51 10 5 6 7 9 6 5 5 5 5 10 15 9 6 4 3 0 0 0 0 0 6 0 0 0 0 4 0 0 0 3 0 4 0 0 0 0 0 0 0 0 0 0 0 0 0 1 0 0
0 0 0 0 0 0 0 0 0 0 5 0 0 0 7 0 0 2 0 0 0 0 0 5 4 2 5 4 0 4 5 4 4 4 0 0 0 0 0 2 0 3 0 5 4 7 16 7 5 5 5 6 5 4 4 5 6 11 5 4 4 4 4 3 0 1 0 0 5 0 0 0 4 22 4 0 3 0 0 0 0 0 0 0 0 0 5 0 0 0 0 1 0 4 3 0
0 0 0 10 15 0 2 2 0 0 0 0 0 1 5 4 0 0 0 0 4 8 4 18 6 5 3 4 0 4 6 6 4 4 4 0 0 0 0 2 4 4 4 5 4 6 6 6 5 6 6 6 6 5 5 5 21 6 5 5 5 1 4 5 0 0 0 3 4 0 0 0 0 18 4 0 0 0 0 0 0 0 0 0 5 5 0 0 0 4 0 5 0 0 0 0
0 0 0 5 9 0 1 0 0 0 8 0 0 0 0 6 0 0 2 0 5 23 5 7 5 5 0 4 4 5 19 44 6 5 0 0 0 0 4 0 1 6 5 4 5 5 6 9 9 6 6 7 6 6 5 6 6 5 4 0 5 4 0 0 0 0 0 0 0 5 0 0 0 4 0 0 0 0 0 0 0 0 0 0 0 0 0 5 0 2 0 0 0 1 4 0
0 0 0 0 0 0 7 0 0 0 3 0 5 0 0 0 0 0 0 0 0 5 5 47 13 5 4 4 0 4 5 7 5 4 4 4 0 1 7 5 4 4 5 5 5 5 5 11 8 6 6 7 6 7 5 7 6 5 4 4 7 4 0 0 1 0 0 0 0 0 0 0 4 2 4 0 0 0 0 0 0 0 0 0 0 0 2 0 0 0 0 0 0 4 4 0
0 0 0 0 0 0 29 4 0 0 0 0 0 3 4 0 0 0 0 0 0 4 7 56 27 5 4 4 4 4 4 4 0 3 11 4 11 6 8 5 4 4 5 5 6 6 6 10 9 9 13 8 7 7 11 14 9 5 4 5 5 4 0 0 0 4 0 0 0 0 4 8 10 4 5 0 0 0 0 0 0 0 0 0 0 0 0 0 0 0 0 0 0 0 1 4
0 0 0 0 0 0 6 0 0 5 0 4 4 23 17 4 1 0 5 0 0 6 6 21 9 11 4 3 4 4 7 4 4 0 3 0 5 4 4 3 5 7 5 8 5 9 8 10 12 10 10 9 7 7 34 40 6 6 5 0 5 6 4 4 0 2 4 0 0 0 4 15 7 4 0 0 0 0 0 0 0 0 0 0 0 0 0 0 0 12 0 0 0 0 4 0
0 0 0 0 0 6 3 0 0 4 0 2 5 35 25 5 5 0 1 0 0 5 12 6 5 4 5 5 5 4 10 5 5 4 0 0 0 4 0 0 4 5 5 10 6 10 25 19 25 23 15 27 14 10 9 8 6 5 4 5 4 6 7 2 0 1 0 0 0 0 0 4 0 0 0 0 0 0 0 0 0 0 0 0 0 0 0 1 0 9 0 0 0 0 4 2
0 0 4 0 0 5 5 3 11 5 5 0 0 5 5 5 0 0 0 4 5 7 4 5 0 7 4 6 7 5 6 4 5 4 1 0 2 4 5 4 4 5 5 6 7 11 28 55 63 62 58 24 10 6 7 6 5 5 4 4 4 4 8 4 5 5 4 2 0 0 4 4 0 0 0 0 4 8 0 0 0 0 0 0 0 0 0 0 0 2 0 3 0 4 33 0
0 0 0 0 0 36 36 5 5 0 0 0 0 0 4 2 0 0 0 5 0 5 2 5 4 5 6 7 11 7 11 6 4 4 2 4 5 6 6 7 6 5 7 7 6 11 30 63 63 63 47 18 9 7 7 7 7 6 6 5 4 4 4 4 4 4 8 5 4 4 6 0 0 0 0 0 0 7 0 0 0 0 9 2 0 0 0 0 0 0 0 0 0 5 7 0
0 0 0 0 5 11 13 2 0 0 0 5 0 13 0 0 10 2 4 6 5 32 4 5 5 7 25 14 14 23 58 18 7 5 5 4 4 4 6 7 6 7 7 7 9 14 37 61 63 63 38 18 12 9 12 11 9 18 12 4 6 6 5 5 6 10 41 9 8 39 6 0 0 0 0 0 0 4 0 0 0 0 0 0 0 0 0 0 0 0 0 0 0 0 7 0
0 0 0 0 5 10 4 0 5 0 0 0 0 0 0 0 9 0 0 0 4 10 5 5 9 9 22 59 31 18 41 13 7 5 7 5 4 5 6 24 10 7 7 7 9 53 18 49 61 58 33 18 22 14 7 6 5 5 5 5 7 14 6 5 6 5 7 4 4 5 6 0 0 0 0 0 0 0 0 0 0 0 0 0 0 0 0 0 2 0 0 0 0 0 0 0
0 0 1 0 0 4 6 7 32 0 0 0 0 0 0 0 0 0 0 0 0 4 5 10 15 28 54 63 58 26 21 11 7 11 14 10 6 6 7 37 7 6 6 7 12 10 9 17 60 50 31 10 10 7 6 4 5 0 0 2 5 1 0 0 0 2 4 0 0 0 0 5 4 0 0 3 9 3 0 0 7 1 1 12 0 0 0 0 10 6 0 0 0 0 0 0
0 0 5 3 4 4 12 50 23 5 2 0 7 0 1 0 5 6 0 0 4 5 5 15 11 19 43 62 49 12 10 6 5 6 6 5 5 5 6 6 6 8 7 6 7 15 10 13 45 40 45 11 12 6 5 4 4 3 2 5 6 4 0 0 0 0 0 0 0 0 0 9 19 5 4 5 15 5 4 0 5 0 0 0 0 0 0 0 0 0 0 0 5 10 0 0
0 4 20 4 3 5 6 34 10 3 0 0 0 0 0 0 4 5 0 0 0 12 7 33 6 15 51 19 13 7 12 7 5 5 5 5 5 7 6 6 10 25 19 7 6 6 7 10 12 24 19 7 8 5 4 0 2 4 5 27 10 3 0 4 0 0 0 0 0 0 0 4 6 4 0 0 0 0 0 0 0 0 0 0 0 0 0 0 0 0 0 0 0 3 0 0
0 0 0 5 0 0 0 6 5 0 0 0 0 0 0 0 0 4 0 4 6 12 19 6 5 8 10 11 9 7 7 6 5 5 5 5 13 24 10 8 10 34 7 6 6 6 6 7 10 16 10 6 5 4 0 4 4 5 5 7 6 4 0 0 0 0 0 0 0 0 0 0 3 7 0 0 0 0 0 0 0 0 0 0 0 0 0 0 0 0 0 0 2 0 0 0
0 0 9 0 5 0 0 5 0 0 0 0 0 0 0 0 0 0 4 4 29 21 6 6 7 6 7 7 11 9 9 16 7 5 6 5 9 48 20 7 6 7 7 10 7 5 5 5 7 9 5 4 0 4 0 0 4 4 4 5 4 4 4 0 0 0 0 0 0 0 0 0 1 6 0 4 0 0 0 0 0 0 0 0 0 0 0 0 0 0 0 0 4 0 0 0
0 4 9 1 0 0 0 5 0 0 0 0 0 0 0 0 6 5 4 6 44 46 10 6 5 17 5 8 20 55 15 7 6 6 5 5 6 8 7 5 4 5 5 6 6 5 5 6 8 5 5 4 0 0 0 0 0 1 4 3 4 4 0 0 0 0 0 0 0 0 0 1 4 13 4 5 1 0 0 0 0 0 0 0 0 0 0 0 0 0 0 0 0 0 0 0
0 5 11 5 0 0 0 5 0 0 0 0 0 0 0 0 4 4 2 5 12 7 6 6 5 22 6 7 8 51 9 6 5 5 6 5 5 12 10 4 4 4 4 4 5 9 5 7 5 7 12 0 0 0 1 5 0 4 0 0 1 4 0 0 0 0 0 3 0 0 0 4 5 22 25 7 0 0 0 0 0 0 0 0 0 0 0 0 0 0 0 0 0 4 0 0
7 15 38 6 3 0 0 6 0 0 0 0 0 0 0 0 5 5 0 4 5 6 5 8 6 5 6 4 7 11 5 4 5 5 5 10 5 7 6 4 4 4 4 0 5 6 6 14 7 7 16 5 4 6 0 3 0 0 0 0 0 0 4 0 0 0 0 3 0 0 4 3 5 25 49 9 4 1 0 0 0 0 10 4 0 0 0 0 0 0 0 0 0 5 5 5
20 60 59 7 5 4 3 6 2 0 0 0 0 0 0 4 0 0 1 6 5 12 6 5 0 5 4 4 8 10 4 4 5 5 5 6 5 6 8 4 5 0 2 0 6 8 6 37 7 10 31 27 10 7 1 0 0 0 0 0 3 0 0 0 0 0 0 0 0 0 1 4 5 10 6 5 5 4 0 0 0 0 3 0 0 0 0 0 0 0 0 4 26 7 4 4
5 16 28 6 4 3 5 41 5 4 0 0 0 0 2 5 6 5 5 16 6 7 5 5 5 5 5 5 8 6 4 4 5 4 2 0 5 17 41 9 5 3 4 0 4 7 18 25 38 57 50 13 13 6 4 0 0 0 0 0 0 0 0 0 2 0 0 0 0 4 2 4 7 2 4 0 0 16 4 0 0 0 0 0 0 0 0 0 0 0 0 2 7 6 1 4
5 6 6 5 4 0 4 5 1 0 0 0 0 5 5 21 47 6 4 6 11 14 18 11 7 4 5 7 21 7 5 4 4 4 0 2 5 7 8 8 0 0 6 13 4 6 31 14 36 61 54 11 9 4 0 4 0 0 0 4 4 4 0 8 14 5 0 2 0 0 3 4 3 0 0 0 0 0 5 5 4 0 0 0 0 0 0 0 0 0 0 0 3 0 0 0
0 9 5 4 0 0 0 0 0 4 4 4 4 5 6 18 10 7 5 7 9 11 41 24 5 5 4 5 10 13 4 5 1 4 1 3 6 9 4 6 0 0 6 11 5 7 9 10 20 22 9 6 4 0 0 0 0 0 5 5 6 4 0 0 1 0 0 0 0 4 0 0 0 3 0 0 0 0 0 7 17 0 0 0 0 0 0 0 0 0 0 1 0 3 0 0
0 5 6 4 0 0 4 1 0 4 6 6 5 5 18 6 5 6 6 11 8 14 26 8 4 8 6 15 6 5 6 7 5 6 5 5 5 11 5 0 3 7 6 7 5 7 7 6 9 33 7 4 3 0 4 0 0 1 4 0 0 4 0 3 0 0 4 0 0 4 0 0 0 0 0 0 0 0 0 4 11 0 0 0 0 0 0 0 0 0 0 1 0 0 5 0
0 4 11 0 2 4 7 5 1 5 6 9 5 5 7 5 5 7 15 11 6 6 8 5 3 12 6 6 6 4 6 13 9 6 5 5 5 12 4 0 8 7 6 5 5 5 5 7 5 6 9 0 4 4 0 4 0 4 3 0 0 4 0 1 4 5 4 4 0 0 0 0 0 0 0 0 0 0 0 0 4 4 0 0 0 0 0 0 0 0 0 5 0 0 2 0
5 4 6 5 5 6 9 4 5 6 7 5 5 4 5 5 8 23 17 8 7 4 6 4 3 5 4 4 6 5 14 25 29 11 18 6 6 6 5 6 6 12 5 4 5 4 6 4 4 4 6 4 0 0 0 6 4 4 4 0 0 4 4 5 5 5 5 7 4 0 0 0 7 0 4 5 0 0 0 0 4 1 4 0 0 0 0 0 0 0 2 4 0 2 5 0
5 7 7 8 5 8 25 6 6 13 8 6 6 8 8 7 7 6 6 5 6 7 41 4 5 4 4 5 25 5 8 9 34 13 14 11 6 6 6 7 7 34 7 7 8 5 4 4 4 4 5 0 0 0 0 6 5 0 0 0 0 12 10 10 14 26 19 7 7 1 0 0 4 0 5 21 0 0 0 0 5 7 2 0 0 0 0 0 0 5 5 0 0 4 0 0
23 11 7 19 12 7 6 10 10 9 7 5 5 8 5 5 9 8 5 0 4 5 5 5 4 4 4 5 7 6 8 22 58 59 41 13 6 5 5 5 5 13 5 10 39 5 10 5 4 4 5 5 4 3 5 3 2 0 4 0 4 7 6 6 20 56 10 5 4 0 0 0 0 0 4 2 4 0 1 5 18 15 6 5 0 0 0 0 2 8 31 4 0 0 0 0
16 10 10 34 24 11 8 32 27 9 8 7 6 10 6 6 6 6 3 1 0 0 4 1 4 4 4 5 21 6 7 16 38 62 62 16 10 6 5 3 4 4 0 5 5 5 16 7 7 6 7 7 6 6 8 4 0 0 0 2 4 22 7 24 13 11 8 4 4 0 0 0 0 0 0 0 5 5 6 14 24 3 0 5 0 8 0 3 4 6 30 7 0 0 0 0
11 17 15 53 47 16 11 57 29 9 9 10 12 42 8 12 17 5 4 4 0 0 2 4 5 6 6 9 9 5 7 41 14 43 49 12 6 4 4 0 4 0 0 0 3 4 4 0 5 5 8 25 47 6 5 4 1 6 4 8 8 7 7 4 5 4 5 7 4 3 1 0 0 5 0 0 11 4 4 11 4 0 0 0 0 4 8 5 0 2 6 4 0 3 0 0
11 45 52 57 29 30 28 23 11 5 5 5 12 37 15 7 6 5 4 4 1 4 4 4 7 5 6 21 10 6 6 11 16 31 52 12 9 5 5 5 4 3 0 0 1 3 0 0 4 0 5 10 41 18 5 5 4 4 0 5 8 0 1 4 0 0 0 6 4 7 4 0 0 5 0 4 5 4 1 4 0 0 0 0 0 2 0 10 1 0 4 8 0 0 0 0
24 62 58 62 32 42 14 7 7 6 5 5 13 28 9 17 11 5 4 8 7 7 14 5 6 8 31 53 9 7 6 10 30 57 62 16 9 6 5 4 4 5 4 0 0 0 4 3 0 0 5 5 7 7 8 5 5 0 0 1 5 0 0 0 0 0 0 0 0 12 8 0 0 5 0 0 0 0 0 4 0 0 0 0 0 0 0 6 11 4 8 13 4 0 4 1
59 63 63 63 62 55 17 13 9 18 8 6 19 11 6 6 6 4 4 4 5 7 5 5 4 7 24 27 6 5 5 11 24 59 61 17 8 5 5 5 5 5 5 4 5 0 0 0 0 3 3 5 6 4 5 6 4 0 0 0 0 1 0 0 0 0 0 0 0 5 4 0 0 4 5 4 2 0 3 6 0 4 0 0 0 0 0 4 4 5 30 14 2 0 3 4
62 63 63 63 56 37 12 8 5 7 5 4 9 6 5 4 6 0 0 3 2 1 5 0 4 5 13 6 5 4 5 10 19 61 60 13 10 6 4 4 6 36 4 0 4 0 0 0 0 3 0 1 4 0 4 6 5 0 0 0 0 1 0 0 0 0 0 0 0 0 0 0 0 7 18 5 4 0 2 4 0 0 0 0 0 4 0 0 0 4 6 4 4 4 4 5
62 62 63 63 63 58 26 11 6 7 4 0 5 5 4 0 4 6 0 3 2 0 1 0 4 6 5 4 4 4 5 11 35 62 52 13 7 6 4 4 4 7 4 0 0 5 0 0 0 0 3 4 0 0 4 0 0 1 5 0 0 0 0 0 0 3 0 0 0 0 0 0 0 0 0 1 4 1 5 0 5 4 0 0 4 0 0 0 1 4 0 0 5 4 5 6
46 62 62 62 62 55 41 8 5 4 4 4 6 7 2 0 0 4 4 5 2 0 0 0 0 5 9 5 4 5 6 12 16 33 18 7 14 5 4 4 0 2 3 0 0 0 0 0 0 0 0 7 0 4 0 0 0 0 0 0 0 0 0 0 0 0 0 0 4 0 4 0 0 0 0 0 4 4 0 4 20 4 1 0 0 1 0 0 0 0 0 4 4 7 9 9
53 53 60 53 59 24 25 17 6 5 5 9 11 9 5 4 5 4 5 8 5 4 4 3 0 4 18 5 6 9 11 18 7 11 6 4 5 4 4 1 1 0 0 0 0 0 0 0 0 0 4 4 0 5 0 0 0 0 0 0 4 5 0 0 0 0 0 0 2 4 9 0 0 8 0 0 0 0 0 4 6 4 0 0 0 0 0 0 4 3 0 4 0 6 26 42
26 21 30 33 15 9 9 32 10 5 5 18 23 9 6 5 10 5 8 37 8 8 4 0 4 5 5 4 5 12 5 6 5 19 5 4 0 2 0 0 0 0 0 0 0 0 0 0 0 0 0 0 0 4 0 0 0 0 0 0 7 8 0 0 0 0 3 4 4 9 39 7 4 2 0 0 5 6 0 5 6 5 4 4 1 0 0 0 6 0 0 1 4 6 27 61
11 8 10 9 8 7 5 6 7 6 5 6 6 5 5 4 4 5 9 53 7 5 4 5 5 6 4 4 4 4 4 4 5 6 5 2 0 0 0 0 0 0 0 0 0 0 0 0 0 0 0 0 0 0 0 0 0 0 0 0 0 0 5 0 0 0 0 0 0 4 6 6 0 4 4 0 5 7 7 18 7 5 6 4 4 0 0 0 4 0 0 6 4 5 12 35
9 7 11 5 5 5 7 5 5 7 5 14 6 12 5 5 5 4 12 21 5 4 4 4 6 27 6 4 4 4 0 4 0 4 5 4 0 0 4 2 0 0 0 0 0 0 0 0 0 3 1 0 0 0 0 0 0 0 0 0 0 0 1 0 0 0 0 4 3 0 0 0 0 4 4 3 5 9 28 57 13 8 4 4 0 4 5 8 0 0 0 4 0 5 4 6
10 6 7 4 5 5 12 6 5 5 5 19 12 25 33 9 6 6 4 13 5 4 4 6 5 37 7 5 4 0 0 0 0 5 6 0 0 0 0 0 0 0 0 0 0 0 0 0 0 0 0 0 0 0 0 0 0 0 0 0 0 0 0 4 0 0 0 0 0 0 0 0 0 0 0 1 4 9 12 25 5 13 11 4 0 4 8 6 0 0 3 0 0 4 4 4
7 5 5 4 4 4 5 5 9 12 10 55 61 56 13 5 0 0 0 5 8 5 4 4 5 7 6 1 0 0 0 0 0 5 4 0 0 0 0 0 0 0 0 0 0 0 0 0 0 0 0 0 0 0 0 0 0 0 0 0 0 0 0 4 0 0 0 0 0 0 4 0 0 0 0 4 4 4 6 13 5 4 6 13 4 7 17 9 4 9 0 0 4 0 0 4
6 8 0 4 4 4 0 4 5 4 8 34 48 24 9 4 0 0 0 7 7 0 0 4 5 5 5 0 0 0 0 0 0 0 4 0 0 0 0 0 4 0 0 0 0 0 0 0 0 0 0 0 0 0 0 0 0 0 0 0 0 0 0 2 4 0 4 5 4 0 0 4 0 5 5 5 4 0 5 4 0 5 5 4 4 20 43 28 4 4 1 0 11 3 0 5
4 16 5 3 4 3 0 4 0 2 5 12 14 8 5 10 0 0 5 5 1 0 0 0 5 3 0 0 0 0 0 0 0 5 5 0 0 0 0 0 0 0 0 0 0 0 0 0 0 0 0 0 0 0 0 0 0 0 0 0 0 0 0 0 8 4 4 7 10 6 5 4 4 4 5 0 4 6 2 5 4 0 4 0 2 10 12 5 4 4 0 5 6 4 5 16
5 56 18 11 1 3 0 4 4 2 5 5 7 5 4 5 1 6 5 7 1 1 4 0 0 0 0 0 0 0 4 0 1 8 5 0 0 0 0 4 0 0 0 0 0 0 0 0 0 0 0 0 0 0 0 0 0 0 0 0 0 0 0 0 23 5 2 6 5 16 7 5 6 6 4 0 0 4 4 12 4 4 4 0 2 4 5 4 1 2 0 2 0 0 0 5
5 17 8 8 0 0 0 0 0 4 8 4 5 5 8 0 4 5 8 5 0 2 6 3 4 0 0 4 4 5 7 5 6 9 5 4 4 2 1 4 4 0 0 0 4 4 4 4 0 0 0 0 0 0 0 0 0 0 0 0 0 0 0 3 6 6 4 0 5 5 4 8 41 14 5 1 0 4 4 4 5 4 4 5 1 0 0 0 0 0 0 5 0 0 0 5
5 6 5 5 0 4 0 5 0 5 5 0 0 5 4 4 12 7 2 5 4 4 5 6 4 5 5 3 0 6 9 6 11 11 7 16 6 5 4 13 12 5 4 4 4 5 8 6 4 3 1 3 2 0 0 3 0 0 0 0 0 0 0 4 1 6 4 0 0 3 4 8 26 9 5 6 4 4 5 0 6 5 5 4 0 0 3 0 0 1 0 4 0 0 4 7
5 7 4 7 0 4 1 5 5 18 1 4 5 27 5 4 13 4 5 18 3 5 15 9 5 5 7 7 5 9 40 16 31 23 9 5 4 1 4 13 22 7 5 4 5 26 55 13 5 0 0 0 5 2 5 7 1 0 0 0 0 0 0 4 4 5 4 0 0 4 6 4 6 4 4 8 6 5 4 5 7 5 7 1 0 0 4 0 0 0 0 6 0 0 4 6
11 50 8 4 1 0 4 7 7 29 6 4 5 5 0 4 2 0 0 1 4 6 49 28 8 7 10 14 9 17 61 47 15 7 4 0 0 4 0 4 5 14 7 7 6 36 10 7 6 4 0 4 7 7 4 5 4 4 5 0 1 0 0 1 2 4 4 4 4 8 5 6 5 0 0 4 5 4 7 6 6 9 4 0 0 0 0 0 4 0 0 0 0 0 5 5
7 11 4 0 0 0 2 1 7 5 0 2 0 0 0 4 0 0 0 0 0 4 7 5 11 11 43 40 21 61 61 14 9 5 4 4 4 0 4 5 4 5 0 0 10 9 4 0 13 5 5 5 9 9 6 5 4 2 0 0 4 2 4 4 0 5 4 4 4 4 4 9 5 4 0 4 5 7 9 10 17 12 4 0 8 0 4 4 0 4 0 4 0 4 5 6
1 5 5 0 0 0 4 0 14 9 4 5 7 0 8 0 0 0 0 0 0 0 6 5 4 5 7 7 10 62 63 46 7 14 7 4 4 4 4 5 4 5 5 4 4 5 0 1 4 5 14 15 32 15 7 6 5 4 0 5 5 1 5 4 4 6 6 6 4 4 0 5 4 5 5 6 8 19 22 27 8 5 0 0 12 4 5 23 5 4 6 4 7 5 18 36
1 0 0 0 0 0 4 5 20 6 5 4 5 0 4 0 4 0 0 0 0 4 4 5 0 5 5 6 10 61 56 28 9 6 8 8 23 6 7 7 6 14 19 9 0 4 0 5 4 5 7 15 61 59 12 6 9 4 3 4 5 6 4 5 5 6 12 5 5 5 5 5 4 5 4 7 15 55 60 21 5 0 0 0 0 2 0 4 2 2 1 0 0 4 11 14
7 0 6 0 0 0 5 5 29 5 6 1 6 3 4 4 17 14 4 0 7 1 1 4 4 8 11 10 18 25 28 13 6 4 2 2 4 2 4 0 0 5 4 0 0 0 0 0 0 0 5 12 54 18 14 7 17 4 6 5 8 7 5 5 8 12 26 5 4 5 4 5 5 7 6 5 7 13 20 6 5 2 0 0 0 0 0 0 0 3 0 0 0 4 7 5
0 0 2 0 0 0 0 0 5 7 9 0 5 0 4 3 6 5 0 0 4 0 4 5 5 13 8 5 8 8 7 14 44 9 3 0 0 0 4 0 0 4 0 0 0 0 0 0 0 4 5 7 11 5 6 4 4 0 5 19 28 14 6 6 6 9 10 6 6 6 5 5 2 4 5 7 7 6 5 5 4 0 0 0 0 0 0 0 0 0 0 0 4 4 10 6
0 0 0 0 0 5 4 9 3 0 0 0 0 0 0 0 0 0 0 3 0 0 5 5 8 14 5 5 7 8 6 5 5 5 4 4 4 5 14 8 7 0 0 0 0 0 0 0 0 4 4 5 5 4 1 0 5 4 4 16 20 7 6 13 21 43 18 9 7 7 6 10 6 6 7 13 13 5 5 4 4 0 0 0 0 0 0 0 0 2 0 0 0 5 12 19
0 0 0 0 0 3 5 6 1 0 0 0 12 0 5 0 0 0 0 6 0 0 0 2 6 11 5 6 4 4 5 4 5 4 4 0 0 4 18 5 1 0 0 1 0 7 4 5 6 4 4 5 5 4 0 0 2 3 4 12 9 4 5 12 61 63 36 19 11 20 8 7 6 7 21 45 5 1 0 0 0 1 3 0 0 0 0 1 0 4 0 0 4 4 17 58
0 0 0 0 0 0 4 0 0 0 0 0 3 0 3 0 0 0 0 0 0 0 0 0 4 35 12 5 3 5 5 5 13 5 4 0 0 0 4 0 0 0 0 0 0 0 0 5 23 0 4 5 0 0 1 0 0 5 5 6 6 5 6 6 16 33 16 8 9 7 7 9 15 10 17 6 5 4 3 0 0 4 8 3 0 0 7 5 4 0 0 0 5 19 15 38
0 0 0 0 4 4 4 0 0 0 0 0 2 0 0 0 0 0 0 0 0 0 0 0 4 36 12 4 0 0 6 1 6 4 1 0 0 0 0 0 0 0 0 0 0 0 0 4 5 5 5 9 4 2 5 0 0 4 9 7 4 6 6 5 7 12 9 6 6 8 11 10 38 45 12 10 6 4 5 0 0 4 18 3 0 0 0 4 6 13 4 6 4 5 5 5
0 0 0 5 6 6 5 3 0 0 0 0 0 0 0 0 0 1 4 0 0 0 0 5 7 8 4 4 0 4 3 0 0 0 0 2 0 0 0 0 0 0 0 0 0 0 0 0 4 4 5 2 0 0 0 0 0 1 4 6 1 4 5 5 6 23 9 5 6 10 26 18 36 33 11 9 6 5 4 3 0 0 0 0 0 0 3 16 35 11 3 0 0 4 1 6
1 5 4 6 16 46 10 4 0 0 0 0 3 5 0 0 0 7 1 0 3 0 3 5 8 9 6 0 0 0 0 0 0 0 1 5 4 0 0 0 0 0 0 0 0 0 4 2 4 0 0 0 0 0 0 0 0 0 3 0 0 6 4 5 9 9 24 9 7 21 50 61 11 12 7 6 4 3 2 0 0 0 0 0 4 4 4 6 12 4 2 2 0 4 1 4
2 2 0 4 17 62 21 6 2 2 0 5 4 38 5 4 0 0 0 4 0 1 0 0 5 4 33 0 0 0 0 0 0 0 4 37 5 0 0 0 0 0 0 0 0 0 0 0 0 0 0 0 0 0 0 0 0 0 0 4 0 3 4 5 7 13 57 28 20 53 51 50 19 12 6 7 5 4 5 4 4 12 5 4 7 0 0 4 4 0 0 4 4 3 5 12
0 4 12 6 16 13 6 5 11 9 5 0 0 4 0 0 0 0 0 0 0 0 0 0 0 4 9 4 0 0 0 0 0 0 0 3 4 0 0 0 0 0 0 0 0 0 0 0 0 0 0 0 0 0 0 0 0 0 0 0 0 0 4 10 30 42 45 49 62 63 50 27 11 22 7 49 7 9 27 5 5 23 3 10 0 0 0 0 0 1 0 4 4 4 4 10
0 4 8 15 7 4 0 0 6 9 0 0 0 4 0 0 0 0 0 0 0 0 0 0 0 2 0 0 0 0 0 0 0 0 0 0 4 0 0 0 0 0 0 0 0 0 0 0 0 0 0 0 0 0 0 0 0 0 0 4 4 5 5 12 15 60 63 63 63 63 60 26 10 7 6 11 5 4 4 3 0 4 0 4 4 0 4 0 0 1 4 0 0 5 0 4
0 0 0 6 0 0 0 0 0 0 0 0 0 1 0 0 0 8 9 0 0 0 0 0 0 2 0 0 0 0 0 0 0 0 0 1 0 0 0 0 0 0 0 0 0 0 0 0 0 0 0 0 0 0 4 0 0 0 0 0 4 4 5 9 14 25 62 63 62 60 56 15 7 5 4 4 4 0 0 3 0 0 0 0 0 1 17 0 0 4 0 0 0 0 1 4
0 0 7 5 0 0 0 0 0 0 0 0 0 4 4 0 0 5 11 3 0 0 0 0 0 1 0 0 0 0 0 0 0 0 0 0 0 0 0 0 0 0 0 0 0 0 0 0 0 0 0 0 0 4 9 7 5 1 0 0 1 5 6 12 15 28 59 62 51 29 15 10 8 5 4 5 4 4 0 0 1 4 0 0 4 0 0 0 0 0 0 0 0 4 0 4
0 0 8 3 0 0 0 0 0 0 0 0 0 0 0 0 0 1 0 0 0 0 0 0 0 0 0 0 0 0 0 0 0 0 0 0 0 0 0 0 0 0 0 0 0 0 0 0 0 0 0 3 1 0 28 8 11 15 5 3 0 5 8 24 42 53 51 39 28 21 11 8 6 7 4 4 2 4 3 0 0 5 0 0 0 2 0 4 11 0 0 4 5 12 5 5
0 0 1 0 0 0 0 0 0 0 0 0 0 4 5 0 0 0 0 0 0 0 0 0 0 0 0 0 0 0 0 0 0 6 4 0 0 0 0 0 0 5 4 0 0 0 0 0 0 0 0 0 5 5 8 9 7 9 5 4 4 6 13 57 51 18 17 21 16 12 12 5 5 5 9 5 4 0 4 0 0 5 4 5 0 3 0 0 0 0 0 0 3 10 5 3
0 0 0 0 0 0 0 0 0 0 0 0 8 4 0 0 0 0 0 0 0 0 0 0 0 0 0 0 0 0 0 5 15 44 5 4 4 3 0 0 0 0 0 3 6 0 1 9 0 0 1 4 29 6 6 12 6 4 4 6 6 9 24 40 15 10 18 15 10 8 6 4 4 5 23 4 5 2 5 0 1 16 31 4 0 0 5 0 0 0 0 3 4 4 2 0
5 0 0 0 0 0 0 0 0 0 0 0 2 1 0 0 0 0 0 0 0 0 0 0 0 0 0 0 0 0 0 5 7 7 4 1 0 0 0 0 0 0 0 4 7 4 5 4 0 4 5 9 15 41 55 41 11 5 4 4 10 10 24 6 8 8 7 6 4 6 7 4 4 2 5 5 4 0 0 4 1 16 31 5 5 0 0 0 0 0 0 0 3 0 0 5
12 0 0 0 0 0 0 0 0 0 0 0 0 0 0 0 0 0 0 0 0 0 0 0 0 0 0 0 0 0 11 0 0 0 0 0 0 0 0 0 0 0 0 1 0 0 0 0 0 2 5 8 15 58 62 46 33 18 8 5 13 6 5 6 4 4 4 8 5 5 16 9 7 4 7 17 4 0 0 10 2 4 4 4 5 0 0 0 0 0 0 0 0 0 0 5
