Heavy_metals/usgrids5km/nlights03.asc
ncols 940
nrows 592
xllcorner -2405000
yllcorner 260000
cellsize 5000.00
nodata_value -1
[rows 390 to 467 of 592, columns 480 to 575 of 940]
8 0 0 0 0 0 0 0 0 0 0 0 0 0 0 0 0 0 0 0 0 0 0 0 0 0 0 0 0 2 6 0 0 0 0 0 0 0 0 0 0 0 1 6 4 0 0 0 0 5 7 12 18 27 40 16 11 17 19 10 6 4 4 4 1 4 4 4 0 4 7 11 6 5 6 4 3 4 0 2 4 0 0 0 3 0 0 0 0 4 0 0 0 0 0 4
0 0 0 0 0 0 0 0 0 0 0 0 0 0 0 0 0 0 0 0 0 0 0 0 0 0 0 0 0 1 4 0 0 0 0 0 0 0 0 0 0 0 0 0 5 2 1 0 0 4 5 6 5 8 7 5 4 4 27 42 13 3 4 4 0 0 6 4 4 4 7 21 43 5 5 5 6 6 3 0 0 2 0 0 0 4 7 3 0 0 0 0 0 0 5 6
0 0 0 0 0 0 0 0 0 0 0 0 0 0 0 0 0 0 0 0 0 0 0 0 0 0 0 0 0 0 4 5 0 0 0 0 0 0 0 0 0 0 0 0 2 23 7 5 4 0 4 0 5 4 4 5 4 5 8 18 5 4 7 5 5 4 31 10 5 6 7 15 21 7 7 5 8 5 3 0 0 0 0 0 0 7 24 1 0 0 0 0 0 4 0 0
4 1 0 0 0 0 0 0 0 0 0 0 0 0 0 0 0 0 0 0 0 0 0 0 0 0 0 0 0 0 1 6 0 0 0 0 0 0 0 0 0 0 0 0 4 12 8 4 0 0 3 5 8 5 4 4 4 4 15 5 5 0 0 0 4 1 12 5 0 1 4 12 56 47 20 23 6 4 0 0 0 0 0 0 0 4 4 0 0 0 0 0 0 4 0 0
0 5 0 0 0 0 0 0 0 0 0 0 0 0 0 0 0 0 0 0 0 0 0 0 0 0 0 0 0 0 0 5 0 0 0 0 0 0 0 0 0 0 0 4 4 0 5 11 2 0 0 0 5 7 4 4 6 4 1 1 3 0 0 0 0 0 5 4 4 4 4 8 42 63 62 40 10 4 0 1 0 0 0 0 0 0 0 0 0 0 0 0 0 0 0 0
0 0 0 0 0 4 4 18 12 0 0 0 0 0 0 0 0 0 0 0 0 0 0 0 0 0 0 0 0 0 0 9 0 0 0 0 0 0 0 4 0 0 0 0 0 0 0 0 0 0 0 0 0 6 14 5 0 3 0 0 0 3 0 6 0 0 4 3 3 4 4 7 16 49 23 15 5 4 4 4 4 0 0 0 0 3 3 0 0 0 0 0 0 0 0 0
0 0 0 0 0 0 0 5 6 2 0 5 0 0 0 0 0 0 0 0 0 0 0 4 0 0 0 0 0 0 0 5 0 0 0 0 0 0 0 0 0 0 0 0 0 0 0 0 0 0 0 0 0 6 27 5 0 0 0 0 0 0 0 12 0 0 0 0 4 4 4 6 9 9 9 4 5 2 4 1 4 0 0 0 0 7 0 0 0 0 0 0 0 0 0 0
0 0 0 0 7 0 0 0 0 0 0 0 0 0 0 0 0 0 0 0 0 0 0 5 5 2 0 0 0 0 0 2 0 0 0 0 3 22 0 0 0 0 3 0 0 0 0 0 0 0 0 0 0 9 49 13 2 0 0 0 0 0 2 0 4 0 0 0 0 0 0 1 5 5 7 4 3 4 0 6 5 7 5 0 0 0 0 0 0 0 0 0 0 0 0 0
0 0 0 0 0 0 0 0 0 0 1 0 11 0 0 0 0 1 0 4 0 0 0 0 6 0 0 0 0 0 4 5 0 0 0 0 0 11 0 0 10 0 0 9 0 0 0 0 0 0 0 0 3 5 19 4 3 4 0 0 0 0 0 0 4 0 0 0 0 3 4 0 4 6 2 1 0 4 4 0 0 9 5 0 0 0 0 0 2 0 0 0 0 0 0 0
0 0 0 2 0 0 2 0 0 4 4 0 3 2 0 0 3 4 5 42 5 5 5 6 9 4 4 4 0 0 6 43 6 4 0 0 0 0 2 0 4 0 4 8 0 0 6 0 6 0 0 0 4 4 7 0 0 1 0 0 0 0 0 0 0 0 0 0 0 0 4 0 1 5 0 4 5 5 4 3 0 1 17 0 0 4 1 0 0 0 4 9 0 4 3 0
5 0 0 12 0 0 6 0 0 24 33 3 6 17 9 5 5 30 6 6 0 4 5 11 29 5 3 4 0 0 11 13 5 2 2 0 0 0 4 4 7 5 0 0 0 0 0 0 0 0 0 0 7 5 2 0 0 0 4 0 0 0 0 0 0 0 0 0 0 0 10 5 0 5 0 4 6 25 4 3 0 0 4 6 4 5 0 0 0 0 0 3 3 0 0 0
0 0 0 0 0 0 0 0 0 8 10 4 0 0 0 0 2 10 5 5 6 4 6 9 6 0 0 0 0 0 3 7 5 0 9 0 0 0 5 5 43 7 0 0 0 0 0 0 0 0 0 5 4 22 0 0 0 0 4 2 0 0 0 0 0 0 2 0 0 0 1 1 0 0 2 4 5 6 5 0 0 3 5 37 18 4 0 0 0 0 0 0 12 0 0 3
0 0 0 0 0 0 0 0 0 6 4 0 0 0 0 0 0 0 0 4 5 16 16 18 4 3 0 0 0 0 4 6 4 0 0 0 0 0 0 7 21 5 0 0 5 4 0 0 0 1 4 0 10 9 0 0 0 0 0 1 0 0 0 0 0 0 5 4 5 5 0 0 0 0 1 0 0 4 3 0 0 0 0 5 6 0 0 0 0 0 0 0 10 3 1 5
0 0 0 0 0 0 0 0 0 0 2 0 0 0 0 0 0 0 1 0 5 5 39 19 4 4 0 0 0 0 0 0 0 0 3 0 0 0 2 10 2 4 3 0 0 6 4 2 6 5 1 0 0 4 0 0 0 0 0 0 0 0 0 0 0 1 28 15 3 0 0 0 0 0 4 0 0 0 0 0 0 0 0 0 5 4 0 4 0 0 0 0 3 5 1 5
0 0 0 0 0 0 0 0 1 6 7 0 0 0 0 0 0 0 0 0 0 0 4 4 4 5 0 0 0 0 4 5 0 0 0 0 0 0 1 5 0 1 0 0 0 4 2 4 38 22 4 0 0 0 0 0 0 0 0 0 0 2 0 0 0 6 10 10 4 0 0 0 0 0 4 0 1 0 0 0 0 1 0 0 4 0 0 0 4 0 0 0 0 0 0 4
0 0 0 0 4 0 0 0 0 10 5 3 0 0 0 0 0 0 0 0 0 0 0 0 0 0 0 0 0 0 0 0 0 0 4 0 0 0 0 4 0 4 0 6 6 5 4 4 5 7 0 0 0 0 0 0 0 0 0 0 0 0 3 10 1 0 0 5 0 0 0 0 2 0 4 0 0 3 4 0 0 0 5 0 7 4 4 2 28 4 0 0 2 0 0 0
0 0 0 0 0 0 4 4 6 13 4 5 0 0 0 0 0 0 0 0 0 0 0 0 0 0 0 5 0 0 9 1 0 0 4 8 4 4 0 5 0 0 0 5 39 12 7 8 4 2 0 0 0 4 4 5 3 0 0 0 0 3 4 8 0 0 0 0 0 0 0 0 2 4 0 0 4 5 10 4 0 0 2 0 1 8 6 0 0 0 0 0 5 4 0 0
0 0 0 3 6 0 4 5 12 33 17 6 5 0 5 0 0 0 0 0 0 0 0 0 0 0 0 0 0 4 16 4 4 0 5 23 4 4 2 2 0 0 4 4 19 56 9 2 0 0 0 0 0 0 4 2 0 0 0 4 7 6 8 0 0 0 0 0 0 0 0 0 5 21 4 5 5 5 56 17 0 0 0 0 4 16 15 3 0 7 0 8 2 0 0 0
0 0 0 0 0 0 2 10 46 61 51 13 12 4 9 0 0 0 4 0 0 0 0 0 0 0 0 0 0 0 0 4 3 0 5 49 13 4 0 0 3 4 4 5 8 36 8 4 0 0 0 0 0 0 0 0 0 4 7 9 13 15 6 8 5 0 0 0 0 0 0 0 5 35 5 2 4 4 20 4 2 1 0 0 0 5 7 0 0 0 0 3 3 4 0 4
0 0 5 0 0 0 5 5 24 12 8 5 3 0 0 0 0 8 37 4 0 0 0 0 0 4 0 0 0 0 0 0 0 0 4 6 7 5 3 0 3 7 2 1 6 5 5 0 0 2 4 5 0 0 0 0 0 1 17 56 5 5 4 5 2 1 6 0 0 1 0 4 0 5 0 0 0 0 4 0 0 0 3 0 4 31 6 4 0 0 0 4 5 7 4 0
0 4 14 4 0 2 4 0 4 4 4 5 5 0 0 0 0 0 3 0 1 3 0 8 0 2 0 0 0 0 0 0 2 0 4 4 5 7 4 6 5 5 0 4 4 4 1 0 2 0 1 0 0 0 0 0 0 4 9 29 4 0 3 0 0 3 7 5 0 0 0 0 0 0 0 0 0 0 0 0 0 0 0 0 0 5 4 4 0 0 1 5 16 12 4 4
0 0 0 0 0 0 5 5 4 0 0 0 0 8 0 0 0 1 0 0 0 0 0 4 0 4 21 5 4 5 5 4 7 6 6 11 16 20 13 6 2 4 0 0 2 4 0 0 0 2 0 4 0 0 0 0 2 4 5 6 5 0 0 0 0 0 0 0 0 0 0 8 2 0 0 0 0 3 0 0 0 0 0 0 0 0 0 2 4 4 4 11 62 41 16 36
0 0 0 0 0 0 0 0 0 0 0 0 0 0 0 11 4 0 0 0 0 0 0 0 0 5 6 5 7 17 49 15 42 16 18 47 62 61 28 7 3 0 0 0 0 0 0 2 1 1 0 4 0 0 2 5 0 0 0 4 4 3 0 0 0 0 0 0 0 0 0 4 4 0 0 0 0 0 0 0 0 0 0 0 4 4 0 6 6 6 4 24 61 27 7 7
0 4 5 5 0 0 0 3 1 0 0 0 3 0 0 4 5 0 0 0 0 0 0 0 0 0 4 7 5 25 12 12 14 5 12 49 62 62 22 8 4 0 0 0 0 3 0 5 4 0 4 4 4 4 4 11 0 0 0 0 5 7 4 0 0 0 0 0 0 0 0 0 0 0 3 0 0 6 0 0 0 0 0 0 4 5 2 9 27 4 4 16 26 6 5 7
0 0 0 0 0 0 11 5 4 0 0 0 0 0 0 0 5 2 0 0 0 0 0 0 0 0 4 6 4 4 5 6 6 10 11 21 48 21 13 9 6 1 0 6 3 12 8 23 7 4 7 10 12 5 1 1 0 0 0 0 4 20 7 0 7 7 0 0 0 0 0 0 0 0 0 0 1 0 0 0 0 0 0 0 5 6 4 6 13 6 8 4 8 5 5 7
3 0 1 1 0 5 8 6 0 0 0 0 2 0 0 0 0 6 0 0 4 0 0 0 0 0 0 3 6 5 4 12 5 6 4 11 12 10 9 5 6 4 0 0 0 5 2 5 2 5 7 12 20 6 4 4 0 5 0 0 3 4 13 9 27 4 4 0 4 0 0 0 0 0 0 0 4 4 4 4 0 0 0 2 5 1 5 4 5 5 4 0 6 4 0 1
4 4 5 5 4 0 0 7 6 0 3 0 0 0 0 0 0 0 1 4 4 1 2 0 5 0 0 0 0 0 0 5 3 4 2 5 7 4 4 7 9 0 0 0 0 0 0 4 0 4 11 30 58 9 4 9 4 5 0 0 4 6 33 16 6 5 4 0 0 0 0 0 0 0 0 1 5 4 15 7 0 0 0 1 4 0 0 0 5 4 0 0 3 1 0 3
5 5 31 11 0 0 3 3 5 5 1 0 0 0 0 0 0 0 7 6 7 6 5 1 1 0 0 0 0 6 0 0 0 0 4 7 23 5 0 4 7 4 0 0 0 0 0 5 0 5 5 9 21 7 4 4 0 5 4 4 6 15 60 52 8 5 4 4 0 0 0 0 0 0 4 8 12 5 6 2 0 0 0 0 0 0 0 3 5 4 0 0 0 0 0 0
5 5 14 10 5 0 0 5 5 4 4 0 0 3 4 8 5 5 5 15 15 10 5 4 7 19 4 2 4 8 4 7 0 5 5 6 4 4 0 0 5 0 0 0 0 0 0 0 1 5 5 6 30 4 1 6 0 7 5 0 4 30 18 18 6 4 5 1 5 0 0 0 0 0 5 53 24 5 5 0 0 0 0 6 0 0 0 0 15 8 0 0 4 0 0 0
7 6 6 5 4 2 4 7 21 11 6 0 4 6 7 39 41 18 9 48 52 8 5 4 9 5 0 0 4 0 0 5 2 4 9 28 5 5 3 0 0 0 0 0 0 0 0 0 1 0 2 0 4 4 4 0 0 0 0 4 4 5 16 19 4 4 0 4 12 0 0 0 0 0 5 12 10 4 0 0 0 0 0 5 0 0 0 0 4 4 0 0 0 0 0 0
11 16 8 7 7 7 7 26 59 16 7 4 5 4 5 7 6 9 10 14 32 15 5 4 4 5 2 0 0 0 0 4 3 5 39 29 6 4 4 0 0 0 0 4 8 0 1 4 7 0 0 0 5 7 0 0 0 0 1 5 0 1 4 4 3 0 0 0 0 4 0 5 6 2 0 4 4 0 0 0 0 0 1 5 0 0 0 2 3 0 0 0 0 5 2 0
9 5 5 5 4 2 4 7 14 10 7 4 5 4 5 8 9 7 9 7 14 5 9 5 6 5 4 4 0 0 4 21 5 6 6 5 5 4 0 0 4 0 0 0 0 0 3 4 4 3 4 0 4 11 0 0 0 0 1 3 3 8 4 4 4 0 0 0 0 0 0 5 3 0 0 0 3 0 0 0 0 0 0 0 0 0 3 6 4 0 0 0 0 0 0 0
7 5 5 4 5 4 5 6 6 5 5 6 6 4 5 7 12 6 6 8 16 5 7 7 33 8 12 0 0 0 4 17 4 0 5 4 4 5 0 4 5 0 0 0 4 0 2 9 35 5 4 4 5 5 5 0 0 0 4 0 4 5 5 5 5 3 4 3 0 0 0 4 0 0 0 0 1 4 3 0 0 4 0 0 0 1 4 5 0 0 0 0 4 4 0 3
8 5 11 4 2 1 5 4 5 4 5 4 5 6 9 5 5 6 8 8 37 5 0 3 8 9 21 4 0 2 4 8 4 0 0 0 4 0 7 0 4 0 0 4 4 0 0 2 41 4 4 5 0 5 18 0 0 0 5 0 0 0 0 6 5 5 0 3 0 0 6 1 1 0 0 0 0 5 0 3 3 5 0 0 2 4 4 6 0 0 0 0 0 2 0 2
6 8 5 8 1 4 5 5 6 5 4 6 5 9 33 5 5 0 5 6 8 10 4 0 16 15 14 4 0 0 0 5 1 5 2 0 6 5 5 4 5 0 0 10 4 0 0 4 11 1 2 4 4 2 4 5 15 0 3 0 4 0 0 4 0 5 4 4 4 0 6 5 4 0 0 0 0 4 5 4 0 0 0 0 4 5 20 7 0 3 8 0 0 0 0 7
17 8 6 6 7 10 5 10 6 8 5 4 5 5 6 5 5 4 0 4 5 4 5 4 12 7 5 9 4 0 0 4 3 2 3 5 0 5 26 3 7 3 4 5 5 4 0 5 7 1 4 4 4 0 4 7 5 4 2 2 2 0 3 6 0 1 4 12 4 5 4 4 4 0 0 0 5 15 5 3 0 0 0 4 5 4 6 0 0 4 25 5 0 0 0 7
11 6 5 5 5 15 5 6 5 7 5 6 5 4 4 3 5 1 4 5 7 6 4 6 8 8 5 7 5 0 0 7 4 0 4 4 0 5 16 4 4 5 5 5 0 4 0 0 5 8 1 5 2 0 5 15 6 5 4 5 0 0 4 11 5 6 5 10 13 5 4 0 0 0 4 4 34 55 7 12 5 3 0 4 2 0 4 0 0 2 6 1 0 0 0 4
6 6 4 0 1 2 0 6 6 4 6 20 6 5 4 0 1 4 4 5 10 5 5 4 10 7 5 7 6 4 7 15 5 0 4 4 4 4 7 0 4 4 4 5 4 0 3 0 2 12 6 5 6 0 4 20 8 6 4 2 4 5 4 4 0 4 5 10 14 6 6 4 4 5 5 5 10 12 5 5 3 0 0 0 0 0 3 0 0 5 4 1 0 0 0 2
5 5 5 4 4 3 0 5 8 5 4 9 5 4 0 0 6 8 6 6 22 7 5 6 7 5 5 5 5 4 4 34 6 0 0 3 1 4 14 4 4 8 5 4 5 4 4 0 0 4 3 4 3 1 4 5 5 6 4 0 0 0 4 8 5 4 5 6 6 5 4 6 4 11 33 14 5 5 5 1 0 0 0 0 0 4 4 0 0 0 4 0 0 0 0 0
22 11 6 7 5 5 5 3 5 9 7 5 5 4 2 8 8 5 6 7 41 11 5 7 15 5 5 6 4 3 4 6 4 4 4 4 4 4 6 10 5 5 7 19 11 6 4 4 0 5 4 4 7 5 5 4 5 5 1 0 4 4 4 7 22 5 5 4 6 5 6 5 5 7 14 6 4 4 0 4 4 0 2 4 1 5 4 0 0 0 1 0 0 0 0 0
8 7 6 11 10 6 31 5 4 6 49 6 4 5 1 9 5 5 5 9 9 7 6 6 7 6 4 11 5 5 4 7 5 2 4 5 5 4 5 7 7 5 7 26 13 5 6 5 2 5 5 21 21 6 5 0 6 5 4 3 4 5 5 6 9 5 6 4 5 5 5 5 5 6 19 7 7 4 0 3 2 0 4 3 0 8 0 4 0 0 0 4 0 0 0 0
10 7 10 8 5 6 6 5 4 5 10 5 6 4 6 9 7 5 5 9 8 10 10 11 15 8 5 5 4 5 5 10 8 4 4 4 4 4 4 18 29 19 10 26 11 9 10 22 5 7 11 56 26 7 5 4 4 6 12 6 4 6 7 18 19 7 6 5 7 6 9 13 24 33 58 28 9 4 4 4 4 0 4 0 0 2 0 0 0 0 0 4 0 0 4 0
4 6 13 34 7 5 4 5 5 5 5 5 5 4 1 12 16 24 10 7 12 16 19 32 46 13 8 7 5 5 9 37 16 7 5 4 5 4 6 8 19 33 55 61 51 55 25 30 8 14 5 20 8 8 12 8 7 6 42 17 6 31 41 60 51 8 11 7 9 13 13 33 62 63 62 42 10 5 6 5 8 5 4 4 5 5 0 0 0 0 0 3 5 0 0 0
6 5 6 46 8 6 6 17 8 12 5 8 12 6 7 6 4 5 4 5 46 31 51 62 63 43 13 14 7 6 12 61 46 10 8 5 5 5 5 7 13 50 63 63 63 41 11 21 6 7 6 10 6 6 6 1 4 4 5 5 6 7 15 21 14 6 4 4 6 7 8 11 48 62 58 18 7 5 8 6 44 7 6 7 7 39 7 2 0 4 9 6 4 0 0 3
5 5 6 6 6 5 7 14 8 9 8 16 37 6 8 6 15 5 6 8 10 7 30 52 62 55 26 27 13 12 9 37 18 8 5 7 11 37 7 13 35 61 63 63 63 17 10 11 5 6 7 5 6 4 0 0 4 4 0 1 4 4 4 5 4 4 0 4 4 7 7 11 12 25 26 8 4 4 4 5 5 6 3 3 4 8 5 0 0 4 27 26 4 0 2 5
5 5 5 5 5 5 9 5 5 5 8 12 33 13 14 10 24 10 6 9 23 18 22 22 43 63 19 9 6 12 5 8 5 5 5 5 5 10 20 56 61 61 63 63 47 18 11 9 8 7 6 6 5 3 0 0 1 5 0 0 0 0 0 4 4 4 0 4 4 5 6 7 8 6 9 5 5 4 4 4 4 5 0 0 0 0 0 0 0 0 4 4 4 5 11 12
6 5 5 5 5 5 5 5 6 5 5 7 13 34 32 19 8 6 6 7 13 42 60 16 12 31 14 8 4 5 9 6 5 4 4 5 6 7 8 11 21 51 55 49 22 12 8 5 5 5 5 5 2 3 4 0 0 5 5 0 4 0 7 4 5 5 4 4 0 2 0 5 5 4 4 4 0 0 4 4 5 4 0 0 4 0 0 0 0 0 4 0 0 4 5 10
6 5 5 5 4 1 8 5 7 5 6 9 32 61 62 21 10 10 7 6 9 15 29 10 10 14 15 8 7 5 4 4 4 4 3 4 6 6 6 7 13 22 15 23 13 11 5 4 4 6 0 8 8 4 0 0 0 3 0 0 0 4 7 5 1 0 0 10 0 0 0 4 4 4 4 0 0 2 0 4 6 4 0 4 4 0 0 0 0 0 0 0 0 0 4 6
14 6 5 5 5 4 5 4 10 5 18 11 32 62 62 47 18 9 6 6 9 9 9 7 6 5 7 7 13 9 5 4 4 4 4 7 4 4 6 9 7 17 9 8 5 4 3 4 4 2 4 4 4 0 4 0 0 2 0 0 4 5 49 4 4 6 4 0 0 0 0 0 0 3 3 1 1 0 0 4 5 6 4 6 4 0 0 0 0 0 0 0 0 0 5 8
11 5 5 5 6 8 5 6 7 6 7 8 17 53 51 31 10 8 6 7 19 7 6 7 10 5 5 21 8 11 5 6 5 0 5 4 3 4 5 18 6 12 6 5 7 4 2 5 5 0 4 0 0 2 5 0 0 0 0 0 2 4 35 6 5 1 4 0 0 0 0 0 0 2 1 1 5 0 0 4 7 25 8 4 4 0 0 0 0 0 0 0 0 0 0 4
17 5 6 27 36 11 5 5 2 6 12 14 13 30 15 48 15 9 12 6 8 6 8 10 18 6 4 5 8 10 7 7 7 6 5 4 0 1 4 4 4 8 5 5 5 4 5 4 1 0 0 4 4 0 4 0 0 5 0 3 0 0 4 4 0 0 0 0 0 0 0 0 0 0 8 0 5 0 0 5 7 38 5 4 0 0 0 0 0 0 0 0 0 0 0 0
23 8 10 38 18 7 4 4 3 5 9 19 7 16 8 9 7 8 6 5 6 7 11 55 13 5 4 4 5 5 7 29 41 12 4 4 0 4 0 1 4 5 5 5 4 4 20 13 4 1 0 4 4 0 0 5 0 4 0 0 4 5 5 10 0 0 0 0 0 0 0 0 2 0 14 4 0 0 0 5 5 6 4 1 0 0 0 0 0 0 11 0 0 0 0 0
5 4 7 5 7 5 4 3 0 0 13 18 7 20 10 4 5 25 6 4 5 5 8 49 11 5 4 4 4 4 6 11 20 6 0 4 4 0 0 4 4 5 4 4 5 5 5 4 0 0 4 2 4 5 0 0 0 0 0 0 0 0 2 7 2 0 0 0 0 0 0 0 0 5 24 4 0 0 0 4 4 4 8 1 0 0 0 0 0 0 4 0 0 4 8 4
0 0 6 0 3 4 0 4 5 5 7 8 6 4 6 5 4 4 4 1 5 5 7 6 5 4 4 4 0 5 5 6 5 4 0 0 4 4 4 4 4 3 7 7 9 5 5 1 2 0 6 6 4 4 0 0 0 0 0 0 0 0 0 5 3 0 0 0 0 0 0 0 0 7 5 4 0 0 0 3 2 4 5 0 0 0 0 0 0 0 6 5 0 4 8 23
0 5 2 0 0 1 0 0 1 5 18 6 5 5 7 5 4 5 2 0 4 5 5 4 2 4 4 3 0 4 6 6 5 4 4 0 0 0 5 4 0 0 0 19 39 7 15 3 0 4 12 21 5 4 0 0 0 0 0 0 0 2 0 3 4 0 0 0 0 0 0 0 3 4 2 0 0 0 0 1 0 4 8 1 0 0 0 0 0 0 6 4 0 0 1 20
0 0 0 0 0 0 0 0 0 0 4 0 0 7 29 10 6 11 8 4 4 4 1 4 0 5 4 5 4 4 4 4 0 4 4 3 3 6 18 6 4 0 1 5 5 4 1 0 5 4 5 4 4 6 5 0 4 0 4 0 0 5 4 9 20 15 0 0 0 0 0 1 4 0 0 0 0 0 0 0 2 4 3 0 0 0 0 0 0 0 7 0 10 0 2 4
0 0 0 0 0 5 0 0 0 0 0 0 0 7 50 33 7 4 5 4 6 0 0 4 4 5 5 5 1 0 4 4 3 12 12 4 3 7 7 4 5 0 1 0 0 0 0 0 3 1 0 4 5 4 17 7 4 1 5 0 0 0 2 8 27 4 0 0 0 0 3 10 6 0 0 0 0 0 0 0 0 2 3 0 0 0 0 0 0 0 0 0 10 1 4 4
0 3 11 1 5 0 0 0 0 0 0 0 3 5 12 11 6 4 5 0 1 0 4 4 0 7 4 4 4 4 6 13 4 4 5 0 0 4 1 3 4 4 0 0 0 0 6 0 0 0 4 0 0 5 9 8 0 4 0 4 0 9 0 0 4 1 0 0 0 0 4 5 0 0 0 0 0 0 0 0 0 2 4 0 0 0 0 5 5 0 0 0 0 0 1 5
4 4 11 4 1 4 5 4 0 3 6 0 0 0 5 8 4 5 4 0 4 0 0 4 0 4 0 0 4 6 5 4 4 2 6 5 5 0 0 0 0 0 3 0 0 0 0 4 0 0 0 0 7 4 4 6 6 4 1 0 0 5 4 0 0 0 0 0 0 0 6 0 0 0 0 0 0 0 0 4 0 0 0 0 0 0 0 0 1 0 0 0 0 0 4 0
8 0 6 6 5 4 5 6 7 5 0 0 0 0 4 5 20 13 4 0 0 5 6 5 5 4 1 0 2 10 1 2 0 4 12 50 6 4 0 0 4 0 5 0 5 1 0 4 4 0 0 0 4 3 8 32 18 5 4 0 0 0 0 0 0 0 0 0 0 5 0 0 0 4 0 0 0 0 0 4 0 0 0 0 0 6 4 0 0 0 0 0 0 6 24 0
1 0 10 12 23 5 9 34 38 5 0 0 0 0 2 0 9 14 0 1 0 0 1 0 7 4 6 5 5 3 4 2 1 3 5 18 4 5 0 0 0 4 0 0 4 1 0 0 4 4 4 2 4 4 23 51 46 6 4 0 0 0 0 0 0 0 0 0 0 1 0 0 4 9 7 3 0 0 0 4 0 0 0 0 3 7 4 4 1 2 2 4 0 4 4 0
0 0 4 5 29 6 13 44 50 6 3 0 0 0 0 0 0 2 0 0 0 0 1 2 4 5 8 9 4 4 0 0 2 4 4 5 4 4 3 3 0 0 0 2 4 0 0 0 4 0 0 5 4 4 7 7 8 7 0 5 4 2 0 0 0 0 0 0 0 0 0 0 4 13 11 0 0 0 5 5 2 0 0 0 15 16 4 4 5 6 5 5 0 4 1 0
3 1 4 1 4 9 19 6 6 6 2 0 0 0 0 0 0 0 6 0 0 0 4 1 5 8 22 10 4 0 0 0 4 0 0 6 0 1 4 0 0 0 0 4 4 9 4 3 4 0 0 1 0 5 5 4 5 4 0 5 0 0 0 0 0 0 0 0 1 0 0 0 3 4 0 4 4 0 0 9 7 1 2 3 7 18 13 15 21 14 5 4 0 0 0 0
0 3 1 5 6 6 5 5 6 7 4 0 0 0 0 0 0 0 21 0 0 0 4 4 5 20 61 22 5 5 5 3 0 0 0 0 0 0 0 0 0 0 0 4 5 21 4 0 5 5 4 0 0 0 0 0 6 2 4 0 0 4 0 3 1 4 7 0 7 2 0 0 0 3 4 0 0 2 0 0 0 0 0 0 0 4 11 55 58 10 5 5 0 0 4 0
0 0 0 5 4 0 0 0 5 6 5 0 0 0 0 0 0 0 1 0 0 0 4 5 5 17 60 19 6 4 0 4 0 0 0 2 6 0 0 0 0 0 0 0 5 4 0 4 41 6 0 0 0 0 0 0 0 0 0 4 0 0 3 6 4 5 5 3 6 7 0 0 4 0 0 0 0 0 0 0 0 0 2 0 0 4 4 25 24 8 3 0 0 1 7 0
0 0 2 2 0 0 0 0 0 0 3 0 0 0 0 0 0 0 0 0 0 0 0 1 5 12 16 6 5 5 4 4 4 0 0 2 24 6 0 0 0 0 4 0 9 6 4 4 5 6 0 0 0 0 0 0 0 0 0 4 14 0 5 13 4 0 5 9 12 5 0 0 0 0 0 0 0 0 0 4 0 4 0 0 0 0 0 4 9 4 5 0 0 0 0 0
0 0 0 0 0 0 0 0 0 2 15 8 0 0 0 0 0 0 0 0 5 5 0 4 4 8 4 4 6 3 0 2 6 2 0 0 5 3 4 0 0 0 2 3 6 9 4 1 3 6 2 0 0 0 0 0 0 0 0 0 4 0 0 4 4 5 6 10 31 6 4 0 5 0 0 0 0 0 0 0 2 0 0 0 0 0 0 0 5 0 2 0 0 0 0 0
7 0 0 0 0 0 0 0 0 0 5 4 0 0 0 0 0 0 0 0 4 4 6 6 6 7 4 3 0 0 0 0 0 0 0 0 3 0 0 0 0 3 0 6 4 5 2 4 5 8 0 0 0 0 0 0 0 0 0 0 3 0 4 21 5 4 6 18 24 19 7 6 7 4 1 0 0 0 0 0 0 0 0 0 0 0 0 1 4 0 0 0 0 0 0 0
5 0 0 0 0 0 0 0 4 0 2 4 0 0 0 0 0 0 0 0 0 5 5 13 10 16 6 5 4 4 0 0 0 4 2 4 3 1 0 0 4 0 1 3 5 4 5 0 0 4 4 0 0 0 0 0 0 0 0 3 4 0 2 10 8 8 12 15 45 50 17 9 5 8 5 0 0 0 0 0 0 0 0 0 0 0 0 0 0 0 0 0 0 0 0 0
4 0 0 0 0 0 0 0 0 0 6 5 5 0 0 0 6 2 0 0 0 0 7 10 50 58 28 5 5 0 6 1 0 0 0 0 0 0 4 1 4 12 6 0 0 1 4 0 0 1 7 0 0 0 2 0 0 0 0 0 0 0 4 6 5 8 33 56 61 40 16 8 4 5 3 0 0 0 0 0 0 0 0 0 0 0 0 0 0 0 0 0 0 0 5 0
0 0 0 0 1 4 0 0 0 0 6 43 5 0 0 0 0 0 0 0 0 0 5 19 57 62 17 8 5 4 0 2 0 4 2 0 0 0 0 4 3 5 3 0 0 0 0 0 0 0 6 4 0 0 0 0 0 1 0 0 0 0 4 7 6 8 12 56 62 17 11 6 5 5 0 0 0 5 0 0 0 0 0 0 0 0 0 0 0 0 4 5 0 0 0 8
1 7 0 0 0 0 0 0 0 0 7 19 3 0 0 0 0 0 0 0 0 0 4 8 18 41 11 18 18 5 5 4 0 0 0 0 0 0 0 20 3 0 0 5 4 0 1 2 0 0 4 11 0 0 0 0 2 6 4 0 0 0 4 4 4 4 6 13 25 8 6 4 4 5 5 4 4 0 0 0 0 0 0 0 0 0 0 0 0 0 0 0 0 0 0 12
4 17 0 0 0 0 0 0 0 0 1 2 0 0 0 0 0 0 0 0 5 0 2 5 24 8 5 4 5 3 0 0 3 0 0 0 0 1 0 9 1 0 0 0 5 6 0 4 1 4 4 7 6 4 1 6 3 4 4 0 0 0 4 4 0 0 4 12 8 7 9 8 4 4 7 7 4 0 0 0 0 0 0 0 0 0 0 0 0 0 11 3 0 0 4 4
0 2 0 0 0 0 0 0 0 0 0 0 0 0 0 0 0 0 0 0 0 0 4 19 38 5 4 0 1 0 3 6 4 0 0 0 0 0 0 4 0 0 0 0 0 0 5 6 2 0 0 5 19 19 7 4 0 0 1 0 0 0 5 4 3 0 4 13 7 8 4 5 5 7 6 38 11 0 3 3 0 0 0 0 4 0 0 4 0 4 27 1 4 4 15 5
0 6 0 0 0 0 0 0 0 0 0 6 0 0 0 0 0 0 0 0 0 0 4 6 5 0 0 0 0 0 3 6 0 0 0 0 0 4 1 7 0 0 0 0 0 0 3 0 0 0 5 4 30 17 30 12 0 0 0 0 0 0 4 5 4 1 2 7 6 17 4 0 4 7 6 12 12 4 5 0 0 0 0 0 4 0 0 0 0 3 4 0 0 0 4 2
0 5 0 0 0 0 0 4 7 0 0 6 0 0 0 0 0 1 0 0 0 0 0 2 4 0 0 0 0 0 0 0 0 0 0 4 0 0 9 5 0 0 0 0 0 0 0 0 4 0 3 5 11 34 40 4 0 0 0 0 0 0 0 3 0 4 4 8 6 5 5 4 2 5 9 7 9 10 4 0 0 0 0 3 4 4 0 0 0 5 0 0 0 1 4 0
0 3 4 0 0 4 0 0 0 0 0 0 0 0 0 0 1 18 2 0 0 0 0 5 0 0 0 0 0 0 0 0 0 0 0 4 4 4 5 7 1 0 0 1 0 3 0 0 1 0 0 4 7 15 31 3 0 1 3 0 0 4 4 6 4 5 10 4 0 4 4 7 4 6 5 6 19 5 4 4 20 4 0 4 20 13 4 5 4 5 0 0 0 1 5 0
0 0 5 1 0 5 0 0 2 0 0 0 0 0 0 0 0 1 0 5 0 0 4 30 4 0 0 0 0 0 0 0 0 0 0 4 5 4 2 6 0 4 0 5 4 6 0 0 5 0 0 4 5 4 4 0 4 5 4 4 4 6 6 2 0 7 9 0 0 0 1 4 5 35 11 6 6 6 1 0 4 2 5 4 8 10 0 4 4 5 1 4 3 5 5 1
