Heavy_metals/usgrids5km/nlights03.asc
ncols 940
nrows 592
xllcorner -2405000
yllcorner 260000
cellsize 5000.00
nodata_value -1
[rows 234 to 311 of 592, columns 672 to 767 of 940]
7 6 6 11 9 7 9 9 8 14 14 9 7 6 7 6 6 15 6 6 7 10 8 5 6 7 13 8 11 55 22 14 22 55 41 19 10 12 7 7 10 10 12 8 13 7 19 9 12 9 22 20 12 12 8 7 11 7 18 8 5 10 7 6 8 13 33 12 9 9 9 12 45 60 61 62 62 63 63 62 60 45 54 36 37 20 18 36 35 8 6 9 5 7 17 42
11 11 8 49 13 9 12 17 16 20 12 8 11 5 7 14 5 7 6 6 5 7 8 8 7 8 6 7 8 17 9 10 22 47 30 9 11 17 13 25 8 8 8 7 13 10 12 10 7 9 10 50 20 9 8 10 7 7 7 6 7 10 7 6 10 13 46 35 12 15 12 13 16 36 48 62 63 62 62 61 60 59 59 58 59 58 46 58 26 11 14 10 5 6 10 27
7 6 7 10 9 18 46 59 50 16 12 8 29 5 6 7 6 5 5 6 5 4 8 9 8 7 7 10 12 11 9 9 12 14 32 12 11 9 8 7 6 8 9 10 45 16 22 14 13 28 14 35 60 19 10 8 7 6 7 6 6 7 11 11 19 17 46 60 37 9 33 13 20 25 43 60 63 63 60 59 51 34 38 32 56 46 29 25 11 9 19 7 3 7 11 16
5 7 6 7 8 12 57 63 62 22 12 9 11 6 6 7 9 6 6 6 6 6 7 13 33 19 14 10 7 8 9 8 9 10 9 7 8 6 6 5 5 6 6 9 15 8 7 7 7 17 8 12 33 43 16 6 6 10 7 6 6 5 7 11 24 55 60 47 13 11 12 9 12 19 54 61 59 57 50 52 34 19 24 41 57 22 22 10 8 9 7 11 8 21 15 9
5 6 6 24 9 12 43 60 33 11 11 7 5 5 5 12 55 8 7 6 7 7 10 31 62 54 15 8 10 30 10 6 7 7 9 7 6 6 6 5 5 5 5 8 6 7 5 5 15 7 7 11 8 16 51 14 6 6 5 7 10 7 10 11 9 11 28 54 11 8 9 9 13 23 59 47 39 33 42 25 37 37 22 28 50 43 17 9 8 9 5 5 6 12 8 14
6 7 6 7 6 7 11 37 9 9 9 6 6 4 5 8 13 6 5 5 12 9 9 15 48 25 10 7 10 14 10 16 8 8 35 7 8 8 7 16 6 5 5 5 5 6 5 5 6 6 7 8 7 21 17 8 6 5 6 5 7 8 9 6 14 9 22 42 15 10 9 10 15 45 54 27 14 16 36 51 55 52 28 13 20 56 17 14 27 8 6 8 8 26 11 12
8 6 6 6 7 10 16 17 11 6 12 5 6 6 5 6 5 8 7 7 6 7 6 11 16 12 7 7 15 11 11 10 8 6 11 14 13 15 9 8 5 5 5 5 7 5 7 7 7 7 6 9 8 6 6 5 4 5 5 6 20 16 6 7 12 8 26 11 18 6 6 9 23 59 52 29 16 20 25 54 56 24 14 9 24 39 10 10 11 9 28 12 10 52 43 12
11 9 10 16 11 10 54 32 8 5 7 8 10 6 9 6 6 10 6 5 6 7 6 11 8 18 6 7 7 11 13 8 8 7 8 54 43 14 6 5 5 5 6 9 10 10 12 7 9 7 14 31 5 6 5 5 5 5 0 5 7 6 7 9 14 14 31 16 9 6 7 11 21 33 19 13 12 19 14 30 32 15 23 11 16 43 14 8 10 11 26 8 8 27 48 12
58 31 18 55 13 8 9 12 6 6 6 31 18 9 7 9 6 6 6 7 6 10 15 8 7 8 7 9 9 14 17 9 9 9 10 25 14 8 6 5 5 6 5 5 6 16 56 11 25 8 16 8 6 5 0 3 9 6 5 1 6 7 6 10 11 10 38 19 8 9 24 15 9 12 10 10 8 10 19 24 32 12 11 10 24 44 8 10 7 6 5 7 10 8 8 8
13 13 11 10 21 10 8 32 6 24 5 15 11 17 10 7 11 7 7 8 7 7 7 7 9 14 13 9 9 14 11 9 13 9 8 8 7 7 8 8 5 6 7 6 5 7 34 9 6 6 5 4 6 4 5 4 3 7 5 6 12 9 12 15 16 24 59 28 19 12 6 7 6 7 6 8 10 11 25 22 33 14 15 12 44 13 6 7 6 3 3 6 7 5 6 6
11 8 8 20 20 9 7 15 8 17 6 6 6 13 38 12 8 7 8 8 8 7 10 8 10 46 46 12 15 13 11 9 15 8 7 8 10 8 7 6 5 6 6 6 5 6 32 5 4 4 5 7 7 0 5 5 5 5 0 4 8 29 39 59 29 50 62 56 13 8 6 7 8 5 6 7 6 10 18 11 16 19 22 51 33 6 4 5 0 0 0 2 0 3 6 12
10 8 24 18 32 7 9 49 9 7 6 6 6 10 59 24 16 23 54 11 11 11 9 9 12 43 56 17 46 43 15 12 11 10 8 9 11 8 9 7 7 6 6 8 10 8 7 5 6 4 5 5 8 2 5 5 5 7 7 8 18 14 11 12 14 28 47 15 7 8 7 23 7 6 6 8 15 18 14 15 9 18 28 56 20 7 6 6 0 6 6 0 0 0 6 20
6 6 7 7 30 8 7 15 19 8 6 9 10 7 15 11 9 10 50 32 19 53 14 11 13 19 30 33 30 25 13 13 14 12 13 9 8 13 9 10 8 7 16 19 34 5 5 5 5 5 7 15 18 8 13 7 6 5 7 13 14 7 10 8 10 16 34 12 6 6 5 7 7 5 6 35 47 9 7 25 37 12 14 21 7 8 22 7 0 7 7 0 1 4 12 5
6 7 10 7 12 7 11 59 46 8 6 7 6 6 15 9 7 8 14 10 16 46 48 10 16 43 51 59 57 58 28 16 25 26 10 9 12 39 17 13 15 10 8 9 11 7 7 6 5 7 10 47 50 16 8 6 5 5 15 15 6 5 8 6 8 13 55 8 7 5 4 6 5 4 7 10 8 7 6 9 19 9 18 13 4 5 7 9 10 7 7 1 5 10 10 6
6 5 6 7 9 9 10 30 14 7 6 8 5 6 7 9 7 8 8 6 13 9 11 15 27 61 62 62 63 62 47 41 18 13 14 18 37 62 60 29 11 10 8 15 26 13 11 7 9 39 21 12 54 14 8 5 5 5 5 8 5 8 13 7 6 17 13 8 6 6 4 0 0 5 5 6 15 7 6 8 11 10 16 7 2 3 5 5 7 5 5 6 16 9 9 7
7 6 34 20 13 7 10 18 9 7 7 8 7 8 7 9 7 8 6 6 6 7 10 39 34 62 63 62 63 63 61 54 29 17 13 28 31 61 36 12 8 7 7 10 56 50 41 20 8 7 9 7 11 14 8 5 5 5 4 6 7 10 6 5 6 46 7 7 5 8 0 5 5 0 7 5 6 6 20 9 12 14 11 6 2 6 6 8 10 11 6 12 5 6 0 0
13 7 12 9 7 9 46 60 9 12 11 26 10 8 7 53 13 9 9 6 6 6 9 17 18 59 62 62 63 63 62 58 39 41 31 16 22 47 16 9 8 12 11 16 53 57 16 9 6 5 5 5 6 7 5 5 2 2 0 8 6 7 6 5 7 12 6 5 7 0 0 0 5 0 6 8 7 6 13 14 29 25 19 9 5 9 6 6 6 0 5 7 6 5 0 0
12 9 8 11 12 25 33 41 10 8 8 8 6 7 8 23 9 9 9 7 6 7 8 12 21 60 63 63 63 63 63 61 59 46 27 22 50 50 29 9 8 9 7 9 38 30 14 10 5 0 0 8 5 6 5 4 6 5 3 5 14 5 5 6 10 31 6 5 0 0 0 3 1 0 7 12 7 6 8 27 60 50 11 5 0 4 6 0 5 0 22 17 0 2 0 1
55 28 9 7 8 11 12 59 22 11 9 9 8 12 23 22 10 8 8 6 6 9 11 15 33 59 63 63 63 63 62 62 62 34 17 10 31 15 15 8 10 7 7 12 13 7 6 7 5 0 0 0 5 10 5 4 4 6 6 7 14 7 6 6 7 51 6 1 0 0 0 3 6 5 6 6 5 6 7 15 54 33 12 8 0 0 5 0 6 3 8 23 8 3 1 7
24 15 7 8 8 13 11 60 38 12 10 9 12 20 36 56 10 9 8 10 16 16 29 31 22 40 62 63 62 61 61 60 57 26 15 21 11 9 9 10 11 6 7 6 21 6 6 7 3 0 0 5 1 40 16 0 0 0 6 0 5 5 2 2 7 49 6 0 0 0 0 0 0 4 5 12 6 8 8 9 15 11 8 15 6 5 8 0 5 0 5 9 7 0 0 4
12 8 13 10 11 11 13 27 59 12 12 22 14 27 62 62 31 17 19 10 50 52 11 9 11 21 44 61 57 59 57 54 41 20 10 20 15 8 9 7 14 7 6 7 23 6 5 6 0 0 0 1 0 6 7 0 0 0 0 0 0 0 0 3 11 18 5 5 1 0 0 0 0 0 8 7 7 12 20 9 9 8 6 13 8 24 18 6 16 5 21 12 6 0 5 0
7 7 13 10 9 11 32 19 59 20 20 31 18 29 57 58 41 9 7 6 12 17 10 7 9 18 34 45 51 51 32 20 23 21 33 19 19 10 11 7 8 8 39 7 9 5 5 6 9 5 5 4 0 0 5 7 0 0 0 0 0 0 0 9 9 5 0 5 9 4 0 0 0 5 13 12 12 45 55 9 6 5 5 4 6 5 6 0 6 8 15 16 0 0 0 0
7 7 8 10 10 15 55 46 63 58 53 51 40 23 37 15 10 8 12 5 6 6 6 6 9 17 44 13 18 17 14 11 14 17 41 62 59 14 15 7 7 8 15 7 6 6 6 6 34 8 5 6 5 4 2 5 0 0 0 0 0 1 5 13 5 6 0 0 0 0 0 1 5 5 6 7 16 56 19 8 5 5 0 5 10 6 2 0 0 0 6 4 0 0 0 0
10 8 10 9 17 30 63 62 63 62 53 62 36 21 14 12 8 6 6 5 5 5 5 7 10 9 9 8 11 36 16 9 8 8 13 28 28 9 10 6 6 5 6 6 6 4 1 4 5 6 5 19 17 5 5 5 6 1 0 0 0 5 13 5 2 9 0 0 0 0 0 0 5 5 9 12 11 37 10 6 8 7 0 0 7 0 6 0 6 5 6 4 6 6 0 0
9 24 21 13 21 27 41 63 63 63 63 62 50 15 10 25 6 5 7 5 5 8 7 7 26 7 9 9 7 11 10 10 9 15 9 20 13 10 7 6 6 6 9 6 6 5 4 1 5 8 7 20 17 6 7 8 7 4 3 2 4 9 11 5 1 0 6 0 0 0 0 0 1 6 10 32 11 20 8 13 31 7 0 0 0 7 0 0 0 5 8 6 7 6 5 0
8 12 7 8 9 16 20 62 63 63 62 61 29 25 36 15 7 6 5 6 6 10 5 6 6 6 8 7 6 8 49 14 11 9 7 7 5 9 9 13 8 6 6 0 4 7 2 4 4 5 5 5 5 5 6 18 22 7 6 4 10 6 3 0 0 0 0 0 0 0 0 2 0 6 8 18 52 24 9 6 7 5 0 0 0 1 0 0 0 0 0 0 0 14 6 0
7 57 13 22 11 30 16 45 62 63 63 58 46 60 19 10 24 10 7 16 27 6 6 6 5 8 6 8 7 9 59 14 10 12 7 7 6 6 11 41 22 7 6 5 5 20 3 3 5 5 4 0 5 5 7 25 60 19 6 10 35 5 0 0 0 0 0 0 0 0 5 8 8 8 18 58 59 22 8 7 0 0 0 0 0 0 0 0 0 0 2 0 0 0 0 0
12 9 7 7 9 17 13 43 63 62 63 50 19 19 10 8 10 7 9 28 7 7 9 7 6 7 6 7 5 6 31 8 9 9 6 5 6 6 6 7 7 10 17 27 5 6 2 3 4 4 6 5 12 6 11 35 25 25 28 14 5 0 5 3 2 0 1 5 10 3 4 13 6 6 13 19 27 6 5 3 7 1 2 0 0 0 0 0 0 0 11 2 0 0 0 0
7 9 7 11 8 12 39 50 62 63 60 23 17 8 8 7 7 10 7 5 6 15 57 20 6 6 5 7 5 6 13 10 7 7 16 6 4 5 4 5 5 6 7 12 10 8 5 5 1 0 1 5 9 7 23 32 21 10 10 5 1 0 5 9 9 5 4 0 0 0 0 5 5 5 11 9 11 5 0 2 16 15 5 0 0 0 0 17 0 0 0 7 5 0 0 0
6 14 7 12 10 12 23 52 60 59 28 19 9 8 6 23 9 7 6 7 6 10 22 9 6 5 5 5 6 8 15 13 8 6 6 5 5 5 1 5 5 5 5 7 19 37 20 6 5 5 5 6 9 21 49 58 13 6 5 5 0 0 0 8 4 0 0 0 0 0 0 0 0 5 7 20 6 0 0 0 6 8 6 0 0 0 2 10 4 0 0 18 8 0 0 5
7 8 8 9 13 21 54 57 55 33 15 26 10 8 10 21 10 7 9 15 6 6 7 6 5 5 7 8 8 13 40 12 8 5 2 5 0 4 4 5 0 5 0 8 11 55 14 8 8 6 5 6 28 38 53 59 14 6 5 4 0 0 1 8 0 0 0 0 0 0 0 0 0 5 12 12 3 0 5 5 0 3 6 7 0 3 0 0 0 0 0 7 0 0 0 0
23 9 11 11 15 43 63 61 29 36 15 9 8 10 10 45 60 13 7 7 5 5 7 6 5 6 7 9 11 38 61 20 8 6 1 5 4 4 4 5 5 5 3 6 10 10 6 2 5 5 6 10 10 14 11 44 17 6 3 0 0 0 0 0 0 0 0 0 0 0 0 0 1 7 10 6 4 6 9 5 0 0 1 10 2 6 0 0 0 0 0 0 0 0 0 0
39 12 11 18 37 54 60 59 38 60 30 11 8 10 9 18 25 9 6 5 6 6 6 34 7 6 6 6 8 18 54 34 9 6 5 0 4 8 6 17 10 5 5 7 17 6 5 5 0 3 8 7 5 6 6 21 7 6 5 0 0 0 0 0 0 0 0 0 0 0 0 0 4 12 29 17 6 22 54 9 7 2 5 8 17 10 0 0 0 0 0 0 0 0 0 0
10 20 31 58 49 57 38 43 26 54 20 11 8 8 8 9 8 7 8 5 10 10 5 8 6 6 5 6 6 8 12 14 8 8 6 6 4 4 6 10 5 1 0 8 4 5 3 5 0 0 7 5 9 5 5 7 5 5 5 0 0 0 0 3 0 0 0 0 0 0 0 0 0 8 4 5 0 6 22 7 5 0 5 6 13 39 6 0 0 0 0 0 0 8 0 0
9 13 33 61 61 60 61 61 61 57 27 15 9 8 8 7 8 7 10 6 8 5 5 5 5 6 8 5 8 12 11 7 5 7 8 5 4 4 7 7 5 0 5 5 5 5 5 6 5 5 5 0 7 0 4 7 2 0 11 0 0 0 0 0 0 0 0 0 4 1 0 0 0 6 8 0 0 3 6 5 0 0 0 0 6 12 0 0 0 0 0 0 0 5 0 0
13 15 21 55 62 62 62 62 62 46 16 13 9 25 13 7 6 10 7 9 25 6 5 7 6 5 10 6 9 7 8 12 5 4 5 8 5 5 19 11 7 5 6 6 5 0 5 7 9 6 4 5 0 0 0 5 2 0 0 0 0 0 0 0 5 0 0 0 23 9 0 0 8 0 0 0 0 5 0 0 0 0 0 0 8 11 0 0 0 0 0 0 0 5 0 0
15 34 45 51 62 63 63 62 61 52 19 17 9 9 7 7 6 10 7 16 52 9 13 8 6 5 5 5 7 7 12 41 5 5 4 4 6 13 19 11 5 4 10 6 8 6 9 27 13 6 5 5 5 4 1 0 0 0 0 0 0 0 0 4 6 0 0 0 2 8 3 12 0 0 0 0 0 0 0 0 0 0 0 0 8 2 0 0 0 0 0 0 2 0 0 2
43 23 30 62 61 62 62 62 56 59 50 17 13 9 14 9 6 6 6 8 10 6 6 5 5 5 5 6 6 7 15 31 6 4 4 5 10 51 12 5 0 0 5 5 3 5 6 28 13 37 7 7 34 6 5 0 0 0 1 0 0 0 0 0 3 0 0 0 0 0 0 5 0 0 0 0 0 0 0 0 0 0 0 8 4 0 0 0 0 0 0 0 0 0 8 7
43 40 53 62 63 62 63 61 51 59 33 16 11 9 7 6 6 6 6 7 6 6 6 5 6 5 6 5 7 9 17 20 10 10 12 7 7 22 10 8 5 3 9 6 5 5 25 6 5 6 8 33 11 12 10 0 0 0 5 0 0 0 0 4 3 0 0 0 0 0 0 5 5 0 0 0 0 0 0 0 0 0 0 21 5 0 0 0 0 0 0 0 0 0 2 0
32 45 58 62 63 63 62 60 54 51 19 27 12 8 8 7 6 6 5 7 5 5 6 5 6 1 5 5 7 7 10 40 6 6 5 5 5 6 7 5 5 2 5 9 6 8 31 6 5 5 7 12 6 7 6 5 0 0 1 9 7 0 0 4 0 0 0 0 0 0 0 5 8 0 0 0 0 0 0 0 0 0 0 2 0 0 0 0 0 0 0 0 0 0 0 0
24 44 58 63 62 63 62 60 60 61 51 43 46 23 19 30 7 6 10 6 5 5 4 5 5 5 0 5 5 6 7 10 6 6 6 4 5 5 10 8 5 8 17 9 11 10 47 10 7 5 5 5 10 40 18 0 0 0 3 6 8 4 0 0 0 0 0 0 0 0 3 6 15 0 0 0 0 0 0 0 0 0 0 0 0 0 0 0 0 0 0 0 0 0 0 0
20 38 60 61 61 63 60 56 50 55 54 17 9 11 11 26 8 15 11 8 5 6 5 5 25 8 6 6 5 6 7 12 10 9 7 5 5 5 8 6 5 6 6 11 31 39 42 9 5 5 5 5 5 6 27 0 4 0 0 0 0 5 0 0 0 0 0 0 3 4 19 13 0 0 0 0 0 0 0 0 0 0 0 0 0 0 0 6 0 0 0 0 0 0 0 0
11 22 60 63 62 59 59 43 15 25 21 19 19 17 9 7 6 6 8 7 13 15 8 6 11 6 25 5 5 6 12 25 38 13 19 5 8 5 5 0 0 2 5 5 10 32 6 5 5 6 2 0 0 4 7 4 3 0 0 5 0 0 0 0 0 0 0 0 6 5 5 5 0 0 0 0 0 0 0 0 0 0 0 0 0 0 0 0 0 0 0 0 0 0 0 0
10 17 55 63 59 49 21 45 21 29 13 11 11 11 13 7 10 6 6 5 6 5 5 5 5 5 5 6 6 6 8 10 13 12 7 8 12 5 0 0 0 0 4 4 5 8 6 5 0 0 5 0 0 0 5 7 2 0 0 5 0 0 3 0 0 4 5 0 0 0 0 0 1 4 0 0 2 0 0 0 0 0 0 0 2 1 0 7 0 0 0 8 0 0 0 0
17 11 22 60 38 50 16 22 18 10 12 9 8 8 6 7 45 6 9 5 5 6 7 6 1 4 0 4 5 3 6 19 43 35 32 16 7 0 0 0 0 1 0 5 5 5 14 5 0 0 6 4 5 1 5 6 0 0 0 2 4 2 5 4 2 0 1 0 0 0 0 9 0 9 5 0 2 11 3 0 0 0 0 8 30 0 0 4 0 0 0 0 0 0 0 0
14 9 9 36 26 16 11 11 10 9 25 10 7 10 6 6 10 6 5 5 5 10 41 9 5 4 5 5 5 0 7 30 59 39 49 11 6 1 5 0 0 5 3 0 5 5 14 5 1 8 7 5 5 5 5 5 6 4 0 3 5 6 3 0 5 0 0 0 0 0 0 3 0 5 16 3 5 0 0 0 0 0 0 1 6 0 0 0 0 0 0 0 0 0 0 0
7 8 9 21 32 9 9 8 11 8 10 9 8 6 7 8 7 6 7 1 5 7 7 5 4 2 2 0 0 4 10 13 9 10 14 9 7 5 6 5 4 5 1 0 5 5 6 5 5 16 10 8 8 5 5 6 8 5 5 5 7 10 6 4 5 7 2 0 0 0 0 0 0 5 13 13 4 0 0 0 0 0 0 0 0 0 0 0 0 0 0 0 0 0 0 0
6 9 9 13 23 8 8 8 12 10 6 6 6 5 6 6 5 12 9 5 5 9 7 6 9 1 0 0 0 0 8 5 6 6 21 23 7 6 17 5 5 6 4 5 7 6 5 5 6 6 9 44 16 7 7 14 10 7 11 8 8 4 5 5 0 5 0 0 0 0 0 0 0 5 7 0 0 0 0 0 0 0 0 0 0 0 0 0 0 0 0 0 0 0 0 0
7 9 9 8 20 8 6 6 11 6 6 5 5 6 7 5 6 5 29 23 7 6 6 4 0 0 5 5 6 10 7 4 4 5 8 47 36 24 16 11 7 6 6 7 9 6 7 7 7 6 10 21 23 45 13 16 13 10 15 18 5 0 0 1 0 5 5 5 0 0 29 5 5 25 4 0 0 0 0 0 0 0 0 9 0 0 0 0 6 0 0 0 0 0 0 0
10 8 7 7 12 12 8 6 7 23 5 1 5 5 8 7 7 14 43 44 27 9 5 5 5 2 13 20 6 7 4 0 4 8 6 12 26 59 62 18 9 8 9 12 14 8 7 11 11 22 52 45 43 62 38 20 26 33 18 11 7 0 0 0 5 5 14 10 7 6 52 7 4 3 0 0 0 0 0 0 0 0 0 17 2 0 0 0 0 0 0 0 0 0 0 0
6 6 6 7 19 42 10 6 5 8 5 5 4 4 4 6 5 5 11 10 8 10 8 7 2 1 3 4 2 0 0 1 0 5 6 7 9 19 61 62 18 13 31 48 48 44 34 23 22 32 13 10 28 60 62 62 63 62 14 9 6 0 0 0 5 2 2 10 6 4 32 6 5 6 5 10 10 0 0 0 0 0 0 2 0 0 0 0 0 0 0 0 0 0 0 0
6 5 5 6 6 24 6 5 5 5 5 0 4 4 4 4 4 5 6 7 6 5 6 4 0 0 0 2 2 0 4 4 4 4 5 6 7 20 56 41 52 55 61 61 40 37 10 7 5 6 7 6 11 18 20 61 38 51 46 9 5 5 5 5 10 5 0 5 5 6 16 1 0 7 0 0 0 0 0 0 0 3 3 0 0 0 0 0 0 4 0 0 0 0 0 0
6 6 5 5 6 10 7 5 4 5 5 5 5 0 5 6 5 4 9 7 6 5 6 5 4 0 0 0 5 0 6 5 5 4 6 5 9 41 51 29 61 49 17 13 11 12 10 8 5 5 5 5 7 10 19 12 8 10 52 8 8 7 11 8 10 5 0 0 0 5 8 5 1 6 0 0 0 0 0 0 0 0 0 0 0 0 0 0 0 8 0 0 0 0 6 0
5 14 6 5 6 7 6 5 5 6 5 5 4 0 4 4 4 5 5 7 19 6 5 4 0 0 0 0 4 3 4 5 5 7 24 8 12 21 23 11 51 11 16 11 6 5 6 16 11 9 5 5 6 11 6 6 5 8 24 46 22 17 36 10 7 4 7 5 5 4 0 0 0 7 4 0 0 0 0 0 0 0 0 0 0 0 0 0 7 6 0 0 1 0 6 0
6 10 7 5 6 10 7 4 5 6 5 5 5 5 0 4 6 6 8 6 28 11 8 5 1 0 0 0 5 6 5 13 6 9 48 10 7 6 7 7 15 8 8 13 5 5 4 10 5 1 5 7 5 7 7 7 8 6 13 7 17 7 5 21 8 0 10 7 9 0 0 0 0 9 0 0 0 0 0 0 0 0 0 0 0 0 0 0 6 0 0 0 0 0 0 0
4 5 5 5 5 6 5 4 5 6 10 11 5 5 4 5 0 5 4 5 6 5 6 5 5 0 5 0 7 8 24 11 6 6 12 8 6 6 6 5 14 6 5 19 5 5 4 7 5 1 0 0 6 9 4 7 8 14 8 6 7 7 6 6 5 4 14 8 5 6 0 0 0 8 0 0 0 0 0 2 0 0 0 3 0 0 0 0 0 0 0 0 0 0 3 5
5 5 5 5 5 6 9 5 5 6 25 20 6 5 5 8 5 5 1 5 5 3 5 5 3 0 7 6 11 9 7 6 6 5 6 8 5 5 5 6 29 5 5 6 8 10 5 5 0 0 0 5 5 17 13 7 8 6 6 7 14 5 8 1 6 5 27 9 2 0 0 0 10 11 12 5 0 0 0 5 2 0 0 0 0 0 5 0 0 1 5 0 0 0 0 7
4 5 0 5 5 6 10 5 5 5 6 7 5 9 5 21 7 5 3 5 4 4 5 6 8 10 8 8 7 5 2 5 5 6 3 6 5 0 5 10 22 6 5 6 5 2 0 2 5 0 0 7 15 12 34 6 9 6 6 8 12 5 5 1 5 7 55 7 0 0 5 0 6 5 5 9 1 1 0 5 4 0 0 0 0 1 8 4 5 34 13 6 0 0 0 5
5 5 5 6 6 6 23 14 6 6 5 6 6 6 4 5 5 4 7 5 4 6 5 4 33 42 43 6 6 6 0 2 5 4 0 1 5 1 0 9 39 15 5 6 1 0 0 4 5 5 5 5 5 8 8 11 9 10 7 23 5 7 0 7 9 5 24 5 0 5 6 5 4 0 3 6 6 6 2 20 0 3 2 7 2 6 28 37 14 5 5 0 0 0 0 1
5 8 6 6 12 7 26 52 8 7 6 13 33 6 5 5 4 7 5 5 5 6 6 5 15 11 22 6 0 5 0 5 6 2 0 0 0 0 0 5 11 5 5 0 0 0 6 5 5 7 8 21 12 6 9 6 10 8 6 15 20 6 5 6 10 13 30 6 0 0 0 7 5 1 5 0 0 0 9 39 8 24 4 0 0 0 7 12 2 0 0 0 0 0 0 7
7 16 20 8 9 9 40 56 10 9 7 28 27 5 6 5 5 6 5 5 18 18 7 10 9 4 0 0 0 0 5 6 6 5 0 0 1 1 3 5 5 5 5 2 5 0 0 5 0 5 6 25 8 6 5 3 7 20 8 11 13 5 1 4 9 26 22 10 6 0 0 0 3 0 0 0 0 4 22 10 6 0 0 0 0 0 0 3 0 0 4 0 0 0 7 11
12 58 60 17 9 12 20 44 12 9 9 8 7 5 6 6 5 10 31 7 6 6 6 6 0 0 0 0 2 0 4 1 0 0 0 4 0 4 0 5 9 6 6 5 4 0 0 5 0 4 6 9 12 5 0 2 0 13 11 0 13 7 6 6 6 39 61 40 13 5 5 5 0 0 0 7 4 6 5 6 0 0 0 0 0 3 0 0 0 0 5 0 0 4 9 0
24 50 25 13 9 13 15 40 40 21 11 10 7 6 6 5 7 41 45 8 5 5 2 5 0 0 4 0 6 1 0 0 5 4 1 5 5 5 0 5 7 6 8 8 8 6 3 6 8 8 6 25 32 9 5 1 0 0 8 9 0 0 7 17 13 37 56 52 13 5 0 2 0 0 0 6 2 0 0 0 0 0 0 0 0 0 0 0 0 0 5 0 2 7 0 0
13 14 9 11 12 11 16 61 63 57 15 17 11 12 11 7 7 14 15 7 7 5 0 5 1 0 6 0 5 5 6 5 0 3 0 1 6 7 6 5 2 6 14 11 9 9 6 5 7 7 9 15 16 11 8 22 6 4 4 5 2 0 6 5 12 38 14 11 25 4 5 7 7 2 5 0 0 0 6 0 0 0 0 0 0 0 0 0 0 4 5 4 7 14 0 0
14 26 9 10 55 24 52 63 63 63 44 12 13 58 48 8 6 6 8 13 12 7 4 9 6 5 5 1 5 10 25 4 0 4 1 0 4 10 13 7 5 5 7 12 8 14 8 9 5 5 7 5 9 9 15 11 6 5 6 10 5 6 5 1 7 8 14 5 14 5 7 5 8 5 4 0 0 3 8 0 3 0 0 0 0 1 5 0 0 7 7 7 6 3 0 0
8 48 10 8 13 12 27 61 63 60 47 10 11 25 11 7 5 7 7 7 5 4 0 4 5 5 4 5 4 7 6 5 3 4 5 5 7 26 51 10 5 6 6 5 8 5 7 5 8 8 5 3 8 4 8 6 0 0 14 16 6 5 6 5 5 6 5 5 25 3 0 5 0 0 0 0 0 0 0 0 0 0 0 0 0 5 6 5 10 10 15 7 0 5 0 3
7 9 10 7 8 9 17 33 49 28 19 12 9 8 6 8 6 7 13 9 7 4 0 7 0 0 1 2 4 4 5 1 6 5 6 6 5 7 18 14 6 18 7 11 5 4 6 14 8 11 9 7 5 6 5 6 0 5 8 5 7 6 5 9 6 2 0 4 12 0 0 5 0 0 0 0 3 0 0 0 0 0 0 0 0 0 3 5 6 29 21 9 12 8 5 6
6 6 10 5 7 9 15 55 18 13 9 28 10 6 5 6 6 6 12 14 20 7 7 4 0 0 0 4 6 5 5 0 3 10 27 6 5 6 8 18 2 5 5 5 5 3 12 31 31 14 11 7 7 12 11 14 6 5 7 8 11 15 9 10 5 4 0 0 4 0 6 5 0 3 6 4 6 0 0 0 0 0 0 0 0 5 7 7 8 39 35 23 6 6 7 8
5 6 8 6 6 10 33 50 13 9 8 13 15 7 6 5 6 6 5 6 5 4 5 7 7 7 5 4 0 5 0 0 0 5 7 8 5 5 9 47 16 5 5 6 5 5 14 9 19 11 10 5 6 13 7 7 10 5 0 6 5 8 5 2 8 4 0 0 5 19 8 1 0 0 6 5 4 0 0 0 0 0 0 0 0 5 6 15 48 63 59 11 9 7 4 5
5 6 8 7 6 9 9 13 9 7 7 11 38 12 8 9 5 6 7 5 4 0 0 2 5 11 5 0 0 0 0 0 0 0 3 5 0 6 6 19 23 8 3 9 11 7 9 8 14 10 11 6 4 1 4 5 7 0 0 3 1 6 0 0 0 5 5 8 7 16 21 5 0 5 20 5 6 0 0 0 0 1 0 0 4 5 16 56 63 63 63 26 18 10 6 10
5 6 15 22 8 20 8 10 6 5 7 14 61 54 21 13 8 11 37 6 3 0 0 5 1 0 2 0 1 0 0 0 0 0 0 0 0 6 6 9 13 17 14 9 8 13 14 5 7 8 14 8 6 0 5 5 10 5 8 5 14 10 6 10 5 0 6 9 14 37 35 5 6 12 15 37 14 12 6 6 4 6 4 4 5 9 48 39 62 62 42 10 8 9 7 6
5 6 11 46 12 11 11 7 6 5 6 9 26 50 9 8 6 8 11 6 1 0 4 7 3 2 0 4 5 4 4 2 0 1 4 0 0 0 4 14 9 9 30 52 26 13 6 9 7 7 8 6 7 2 5 4 2 5 0 5 14 14 5 7 6 0 7 8 33 46 25 7 4 0 10 7 7 6 5 5 5 40 8 5 13 21 7 13 44 41 14 7 6 7 9 12
5 6 7 9 11 14 14 6 6 5 6 6 11 19 11 7 5 5 4 4 0 0 5 33 5 5 0 2 13 32 5 0 0 0 0 0 0 0 8 9 9 6 10 22 52 10 8 7 6 10 5 6 5 7 0 0 4 1 0 1 0 8 5 6 4 11 19 12 43 26 6 0 0 0 0 0 5 5 6 6 13 60 33 7 9 6 5 9 7 7 7 7 7 6 19 11
5 8 7 8 54 28 7 8 19 6 6 7 27 38 12 7 5 0 0 0 0 1 5 13 4 3 0 0 5 8 5 0 0 0 0 0 0 0 8 11 11 6 8 7 19 18 10 0 6 8 6 5 1 6 2 5 6 8 6 7 0 0 0 4 6 10 27 58 28 16 4 0 0 0 0 0 4 0 7 47 16 44 30 14 8 5 5 5 5 5 11 7 10 6 7 12
5 6 7 9 44 16 7 8 13 6 6 6 23 44 8 6 1 0 1 0 0 0 1 8 6 5 0 5 2 5 7 5 3 0 0 0 0 5 12 6 8 7 9 8 17 9 14 7 7 6 9 7 2 6 6 5 5 6 0 8 6 0 5 6 6 12 45 30 6 7 0 0 4 8 0 1 4 6 18 58 17 20 50 11 5 4 0 5 4 5 7 26 6 6 7 6
5 5 5 7 18 7 14 21 5 5 6 7 8 9 5 9 7 7 0 0 1 0 5 5 9 0 0 0 4 5 4 7 7 5 7 5 6 7 7 5 6 14 9 14 12 9 7 11 6 4 7 9 21 7 5 5 5 0 0 0 6 5 6 5 10 8 3 1 0 9 0 0 0 4 0 5 8 41 12 33 20 11 7 5 5 0 5 0 6 5 5 50 19 6 5 5
4 4 0 5 13 6 8 15 5 6 5 4 11 7 1 3 4 4 8 10 4 0 4 0 0 0 0 4 3 5 6 30 8 8 11 7 16 11 11 6 7 9 8 23 9 7 7 8 4 4 3 8 25 33 30 8 5 5 4 0 5 1 7 15 7 5 0 0 0 6 4 0 0 0 0 8 34 38 11 7 6 6 5 5 2 0 3 0 5 5 6 17 10 5 2 2
0 1 0 6 11 6 6 8 5 8 7 5 7 6 4 1 0 0 2 7 8 5 1 0 0 0 0 4 7 6 8 8 13 13 7 7 6 9 8 6 6 6 6 7 7 7 4 4 7 7 6 5 7 6 11 8 6 4 0 4 4 8 24 32 5 0 0 0 0 8 5 0 0 0 1 11 30 8 5 5 1 0 6 0 2 0 0 0 0 10 6 6 7 5 0 4
