Heavy_metals/usgrids5km/nlights03.asc
ncols 940
nrows 592
xllcorner -2405000
yllcorner 260000
cellsize 5000.00
nodata_value -1
[rows 156 to 233 of 592, columns 480 to 575 of 940]
14 0 0 1 6 17 6 0 2 9 2 1 0 6 5 2 5 4 2 0 0 7 5 5 7 10 47 23 8 18 6 11 8 9 13 11 36 31 52 61 62 63 63 63 63 63 63 63 62 53 22 25 15 15 43 9 7 8 7 7 11 7 6 7 13 40 11 6 7 11 46 58 62 21 10 7 6 6 5 0 5 0 0 4 4 6 7 7 6 6 9 8 7 7 24 8
0 0 4 0 4 5 5 0 4 5 0 0 0 0 0 0 0 1 0 0 0 0 0 1 5 9 45 13 7 7 7 8 7 8 8 36 23 25 54 62 62 63 63 63 63 63 63 62 61 60 21 25 12 12 31 9 8 7 7 7 9 6 5 5 8 9 8 6 6 9 14 61 63 45 11 8 6 6 4 0 0 0 0 5 5 6 21 8 8 7 13 29 8 10 9 10
0 0 6 0 1 4 1 8 18 4 0 2 5 7 7 5 5 5 6 0 0 0 0 5 5 6 8 7 8 8 9 7 7 9 9 18 13 14 54 58 60 61 62 63 63 63 62 55 37 57 34 16 10 8 9 8 9 8 7 6 6 12 6 5 5 7 6 5 5 7 9 23 45 20 9 14 6 6 5 0 0 0 5 4 6 6 7 9 8 7 7 12 30 43 10 6
0 0 0 5 7 0 0 6 13 5 4 11 4 25 10 8 23 12 15 0 4 5 5 5 4 5 7 6 6 15 47 12 10 26 12 11 11 13 30 50 56 54 61 63 63 63 57 51 30 21 57 37 10 8 9 10 36 11 7 5 6 5 5 6 5 5 3 6 6 6 7 8 11 9 9 6 6 9 9 0 0 0 0 4 5 5 5 6 6 7 7 10 42 59 16 14
0 0 0 0 0 0 0 0 5 0 0 0 0 3 0 0 6 5 6 0 2 14 11 7 7 6 8 10 5 6 7 6 7 8 6 7 8 12 15 19 35 58 47 56 62 62 40 20 15 13 33 16 9 7 8 9 10 7 7 5 5 5 5 5 6 5 6 5 5 5 7 6 7 7 7 7 5 6 6 4 1 0 0 0 1 5 5 6 7 5 8 9 14 22 9 9
0 0 0 0 0 0 5 5 5 0 0 2 0 0 0 0 0 1 0 0 0 0 0 3 1 2 5 0 6 6 5 5 12 6 6 7 8 11 44 11 15 23 25 46 59 57 39 12 15 11 11 10 11 9 13 9 8 7 6 6 6 10 5 7 18 10 7 5 5 6 6 6 6 5 6 6 11 8 5 4 9 6 0 0 6 7 16 7 12 6 6 6 7 9 7 10
0 0 0 0 0 1 5 1 8 0 0 0 0 0 3 0 5 2 0 0 0 0 0 0 0 5 3 5 5 5 5 11 6 5 6 7 32 9 13 11 11 14 15 37 30 26 31 12 18 10 10 12 10 12 26 19 15 9 6 6 6 6 5 5 6 5 5 5 6 27 6 6 10 10 7 5 19 11 5 4 5 5 5 0 4 7 23 9 7 4 4 5 5 5 6 7
0 4 0 0 0 5 12 0 1 0 6 7 0 5 2 6 5 1 0 0 1 0 0 0 5 5 5 5 5 6 6 16 6 5 6 7 10 7 8 15 12 13 15 30 14 11 10 8 9 9 7 7 22 8 30 54 36 9 6 7 5 6 5 0 5 4 5 0 5 9 6 5 5 6 6 5 6 5 5 0 4 5 5 0 0 5 7 6 5 4 2 5 5 6 7 6
5 14 2 0 2 5 0 0 0 0 0 0 0 4 11 30 10 8 5 5 4 7 0 2 8 0 15 11 6 23 5 5 5 6 8 6 5 7 8 45 13 10 10 13 10 9 9 8 13 20 24 7 7 8 7 10 12 7 14 9 7 5 5 0 5 5 5 5 5 6 6 5 5 5 5 5 5 5 6 5 4 6 8 6 5 5 3 0 0 0 1 0 3 6 10 5
0 0 7 6 8 5 0 0 0 0 8 0 0 0 7 12 9 7 8 1 2 10 0 0 6 0 5 5 5 5 5 5 5 7 32 7 6 6 10 10 8 19 8 11 10 24 22 9 9 12 16 7 6 6 6 7 6 6 5 14 23 7 9 4 5 5 0 5 6 6 5 5 0 5 5 6 6 7 5 5 6 8 6 6 8 0 0 0 0 0 0 0 4 5 5 5
0 0 5 11 55 9 5 0 0 0 0 2 0 0 0 1 3 5 4 0 0 0 0 5 4 0 7 5 5 0 5 0 6 10 28 7 6 6 6 32 7 8 7 10 11 50 34 8 7 6 8 7 6 6 9 6 7 6 6 7 14 6 7 7 9 5 2 4 5 0 5 5 5 7 7 16 7 5 5 6 14 6 6 6 6 0 0 0 0 0 0 1 0 0 5 0
0 0 5 13 41 7 1 0 4 0 5 0 6 0 0 0 2 7 9 4 0 1 4 3 5 5 6 1 5 5 5 5 5 8 7 7 10 11 7 8 7 7 7 9 9 11 9 8 7 6 5 6 6 6 10 7 9 6 6 6 6 5 5 15 13 8 6 5 1 5 5 5 5 13 7 10 5 4 10 5 5 6 16 28 10 1 0 0 0 0 0 0 0 0 7 2
0 0 7 5 6 5 4 0 0 0 0 0 4 3 0 5 5 4 3 5 4 4 5 5 7 8 6 4 0 3 5 5 7 22 6 6 8 8 6 6 6 6 10 11 13 9 7 11 6 5 5 6 7 7 6 6 6 5 6 5 6 5 2 6 11 11 6 5 5 6 4 5 6 6 5 5 14 9 6 5 5 6 27 25 6 3 0 0 0 0 0 0 0 0 5 0
0 5 0 0 0 0 0 0 0 0 0 0 0 3 0 0 0 0 5 5 5 10 7 6 15 52 7 5 5 5 4 5 11 53 7 15 6 6 5 9 5 7 8 30 57 12 6 7 7 6 7 9 12 23 14 8 8 9 6 6 6 6 6 6 6 5 6 5 5 5 5 7 38 9 5 5 5 5 5 5 5 5 6 5 7 9 0 0 0 0 0 0 0 0 0 4
0 1 0 0 0 2 0 0 0 0 0 0 0 4 0 0 4 5 3 7 6 31 6 5 7 30 12 9 5 10 6 6 8 22 8 9 8 6 5 6 6 8 10 14 34 10 6 6 12 9 5 6 6 7 10 7 18 7 7 6 6 5 6 7 0 5 7 9 5 5 5 5 8 6 5 5 5 5 5 4 5 5 5 6 0 2 6 0 5 3 0 0 0 0 0 5
5 0 6 6 1 0 8 10 0 7 0 1 9 0 5 4 6 26 5 0 5 6 5 0 5 6 5 6 5 6 6 8 14 18 11 11 6 8 7 22 8 15 8 8 9 9 6 6 5 6 6 5 6 7 41 7 8 11 7 7 6 8 9 6 3 0 6 6 8 5 5 5 5 5 4 6 11 5 5 5 8 5 5 5 5 0 0 6 14 4 0 1 0 0 0 5
0 0 2 1 0 0 0 4 0 7 0 1 5 0 5 4 0 1 0 0 3 5 0 0 5 5 5 4 5 6 7 23 61 60 20 11 6 8 7 6 6 6 6 6 33 11 6 5 5 6 13 7 7 7 8 11 20 13 8 7 13 10 11 5 5 5 6 7 6 15 6 6 6 6 5 8 5 5 5 5 7 5 5 7 5 1 2 5 7 5 5 4 1 0 0 7
0 1 0 0 0 5 5 0 0 0 0 0 0 0 1 0 0 0 4 0 0 3 1 0 6 6 5 5 5 7 8 22 55 51 16 8 7 16 5 6 8 7 6 7 29 28 7 6 5 6 7 7 8 8 8 12 35 26 10 8 9 7 6 5 6 6 6 11 12 28 21 9 6 9 10 16 6 5 6 5 8 1 5 6 5 22 9 6 19 12 10 6 4 0 5 34
0 0 0 0 0 8 5 0 0 0 0 0 0 1 0 0 0 0 14 2 0 5 5 5 5 4 5 5 5 25 6 8 10 11 8 10 5 10 6 7 48 19 8 7 46 61 9 6 6 5 6 8 22 12 13 12 62 61 24 9 8 7 6 6 6 6 6 6 11 42 54 25 6 9 7 5 8 6 6 8 5 4 4 6 7 36 18 8 53 36 9 7 6 5 6 17
0 0 0 0 0 2 7 0 6 5 5 5 4 7 4 0 0 0 0 6 0 5 5 6 5 6 31 4 4 6 8 6 6 6 6 6 6 5 5 6 12 9 6 7 9 19 7 7 9 7 10 41 29 20 35 13 55 62 46 17 9 9 6 8 7 5 10 11 7 9 12 11 8 11 7 6 28 7 6 6 6 5 6 18 25 9 6 8 20 12 10 8 26 6 6 8
0 5 0 5 6 5 1 0 1 5 5 5 3 3 0 2 0 0 4 2 4 3 9 7 5 5 6 1 0 4 5 8 6 7 5 5 8 5 5 5 5 5 6 6 10 7 5 5 5 4 5 6 6 8 9 9 19 59 31 15 8 11 10 21 13 8 7 8 7 7 8 7 6 8 7 8 26 24 10 16 7 8 10 24 16 7 5 6 6 6 6 6 12 9 36 7
0 6 4 5 14 8 5 0 0 0 0 0 0 0 1 5 5 5 6 4 8 5 22 16 7 5 6 2 4 5 10 5 4 6 4 5 5 6 5 5 5 5 5 5 7 5 6 5 5 5 5 6 6 7 8 8 13 40 10 10 6 6 6 6 6 6 7 6 5 5 5 7 6 7 7 13 29 59 34 40 11 16 7 8 6 5 5 6 6 5 5 5 6 6 10 10
0 8 4 0 6 0 5 1 0 0 0 0 0 0 4 5 6 7 15 5 2 5 6 5 5 5 6 4 5 4 6 5 5 13 5 5 4 5 4 5 5 9 5 6 7 5 5 6 6 6 5 23 6 7 6 8 12 35 8 7 6 8 7 5 5 5 2 1 5 5 5 5 5 6 7 12 50 59 20 12 6 5 5 5 6 5 6 8 13 5 5 8 6 6 6 42
0 0 0 0 3 0 1 14 0 0 0 0 0 1 12 28 6 0 5 0 3 6 5 5 5 2 5 4 2 5 11 5 4 5 2 6 2 5 5 3 5 5 3 5 20 5 4 6 17 5 5 6 5 6 6 8 12 30 7 6 5 8 16 5 5 5 5 5 11 9 4 6 6 5 6 11 37 60 19 8 9 5 6 6 7 5 5 5 5 5 5 7 16 5 6 8
6 0 0 0 0 0 0 8 3 6 0 4 0 5 7 10 5 0 0 0 0 6 5 5 5 7 14 6 5 4 5 4 1 4 1 7 5 5 4 5 5 7 5 5 8 5 5 5 5 5 6 5 6 6 11 8 6 11 6 6 6 5 5 6 5 5 5 7 6 6 5 10 12 5 6 16 9 35 22 9 6 5 5 6 23 5 5 10 5 5 5 6 8 6 5 6
0 0 0 1 0 0 0 5 0 0 1 7 5 4 4 5 2 2 1 7 4 6 5 5 4 6 6 5 5 5 14 4 6 4 6 5 4 8 5 6 6 5 5 9 8 8 6 5 6 7 6 7 4 5 6 5 6 8 7 6 6 5 9 9 5 14 6 4 5 5 3 5 5 5 6 6 8 6 8 7 9 8 6 8 6 5 4 5 5 5 6 11 8 14 5 5
0 6 1 7 2 0 0 0 1 2 0 6 2 0 3 0 2 1 0 0 4 12 5 4 5 6 7 5 5 5 10 5 5 5 5 5 4 31 4 4 5 6 7 10 6 6 5 6 7 21 7 8 5 11 10 9 11 7 18 10 8 6 6 15 6 8 4 5 5 5 5 5 5 8 6 5 6 9 6 8 6 6 7 33 6 5 5 5 5 5 5 10 7 7 6 8
0 0 0 0 0 6 5 5 2 9 0 4 0 5 9 5 5 5 1 0 4 5 5 6 6 10 7 10 5 5 6 7 5 4 1 4 4 5 4 7 6 6 19 57 16 7 6 8 21 60 27 8 6 7 6 5 5 5 7 7 5 5 5 9 7 5 5 5 5 5 4 5 7 34 5 5 5 5 5 5 5 6 7 12 6 6 6 6 5 5 4 5 5 5 6 13
1 6 6 0 0 5 7 22 9 5 0 0 5 5 14 5 9 18 5 5 1 23 5 10 8 54 22 6 5 6 5 47 5 5 5 5 5 5 4 5 6 6 22 59 11 8 5 5 7 20 8 7 5 5 4 4 5 5 10 6 6 5 5 5 5 6 5 5 5 5 6 7 6 6 5 0 5 14 5 5 5 5 12 34 6 5 4 7 4 5 5 0 2 5 8 6
2 8 8 3 6 5 15 53 10 5 5 5 5 5 3 5 9 37 5 4 5 6 5 5 6 18 6 6 5 5 5 11 5 5 7 5 4 5 6 5 6 5 7 24 17 5 6 5 5 6 5 5 5 12 5 4 3 5 6 5 5 5 6 5 7 18 7 5 6 6 6 10 6 6 5 0 4 5 5 5 5 5 5 10 5 5 13 6 0 2 0 0 0 5 7 6
5 0 0 0 0 4 7 7 5 6 5 5 5 5 4 4 5 6 5 5 8 5 0 5 5 6 5 7 5 4 3 5 5 0 5 5 8 7 4 5 5 5 7 7 7 5 5 5 6 5 6 5 5 4 5 5 6 10 5 5 4 5 5 5 5 6 7 6 7 8 5 5 4 6 5 5 7 4 5 5 5 5 6 6 5 7 5 3 1 5 5 5 5 4 4 7
8 4 0 0 0 5 5 5 5 10 2 5 5 3 5 6 5 5 5 4 4 0 5 5 5 5 5 4 5 4 4 9 3 4 5 4 2 6 5 4 4 11 4 8 5 6 4 5 5 5 7 4 5 3 5 0 0 6 4 7 7 3 5 5 5 5 5 7 6 5 5 4 1 5 0 0 0 1 9 5 6 5 4 5 5 7 5 5 1 0 5 6 5 5 5 5
4 0 3 0 0 5 5 0 5 4 5 6 6 4 5 7 5 5 4 5 4 0 3 5 0 5 3 1 2 0 0 5 0 4 6 0 0 4 5 6 6 6 5 18 5 25 7 5 4 5 5 5 8 4 4 5 4 3 2 0 8 5 5 6 5 0 5 6 6 5 4 1 0 0 0 0 0 4 5 0 1 1 4 5 6 10 5 4 1 3 6 23 6 6 4 3
0 0 7 5 6 7 5 0 7 4 6 11 8 6 22 42 5 5 6 11 5 3 3 0 2 5 4 1 5 1 7 5 5 5 5 1 0 6 5 5 29 8 5 6 4 5 5 4 4 5 10 5 4 4 0 5 6 4 0 0 8 5 6 43 6 5 5 5 6 6 5 1 0 0 5 4 5 8 8 5 5 1 4 5 10 5 1 0 5 7 6 41 19 5 5 4
5 5 5 5 12 21 5 5 7 5 5 2 5 5 29 35 6 4 5 29 17 5 5 0 5 17 0 5 13 5 5 8 5 6 11 0 7 6 5 5 7 6 6 5 5 6 6 5 4 4 12 6 5 0 0 4 14 4 4 0 6 4 5 9 5 5 5 5 28 12 5 4 5 6 6 5 0 1 0 1 0 0 7 4 6 4 0 0 5 5 5 6 8 6 1 4
7 7 5 5 6 5 5 5 2 5 5 0 0 5 38 11 4 4 1 5 6 0 0 0 0 2 4 0 4 4 0 4 0 0 1 0 2 4 5 6 5 5 5 5 5 5 6 4 8 5 5 8 16 5 0 4 3 0 4 3 4 0 5 5 5 9 5 6 25 30 7 6 6 20 16 6 5 5 2 0 4 4 7 0 5 5 0 1 1 5 6 5 5 7 5 5
5 0 3 5 8 5 0 6 5 4 2 0 4 6 16 6 5 10 4 4 5 4 0 0 6 7 0 0 2 17 5 0 5 4 5 4 3 5 11 23 6 5 7 13 5 6 13 6 5 5 4 5 30 6 5 4 2 0 10 0 5 2 4 5 5 5 5 5 6 6 6 5 6 7 7 6 5 5 0 9 6 5 5 4 1 5 5 3 8 4 18 8 11 4 11 6
5 4 5 5 5 5 5 2 2 2 0 1 4 5 7 5 4 4 0 4 5 11 4 0 2 0 3 5 1 6 4 0 12 5 7 4 6 5 10 25 5 6 6 6 5 7 7 10 6 5 5 2 5 5 1 0 2 0 5 5 4 1 5 5 7 5 9 14 6 6 6 6 5 5 5 5 5 5 3 5 5 9 4 4 2 5 25 8 5 5 2 5 4 3 4 5
6 5 6 16 5 5 6 5 5 7 5 0 0 5 7 6 4 0 0 4 5 6 4 0 0 0 9 4 4 11 5 4 4 4 1 4 6 4 5 6 5 5 6 10 8 19 35 12 7 6 5 5 5 5 4 4 5 1 4 5 5 1 4 5 2 4 9 8 6 19 6 5 5 5 5 2 0 0 5 5 5 5 5 2 5 5 12 4 4 0 0 3 5 4 0 2
7 6 7 41 6 5 20 6 5 21 5 8 5 11 36 10 5 4 6 4 4 5 5 0 1 1 1 0 4 5 5 0 4 0 4 4 4 5 5 6 6 9 17 56 31 59 60 24 6 18 7 7 5 11 6 5 4 0 5 5 6 5 3 4 4 6 5 5 5 6 6 6 28 7 5 5 5 5 6 30 6 5 5 6 2 2 5 5 0 4 0 8 9 1 4 6
5 5 5 5 5 6 5 4 3 3 0 5 4 6 43 13 7 5 11 6 5 8 45 5 5 0 1 5 0 10 7 3 3 8 4 5 31 13 6 31 11 8 10 19 10 10 11 8 5 5 5 4 5 5 29 14 5 5 5 5 42 6 5 9 5 7 7 5 5 5 5 6 7 6 8 24 5 5 14 51 20 6 0 0 0 0 5 8 5 4 3 5 5 2 5 12
6 6 16 5 0 4 8 9 0 0 0 0 8 4 6 5 4 0 4 0 5 2 8 1 6 5 13 5 7 53 11 4 2 7 2 4 7 4 5 6 5 5 5 5 5 6 6 5 4 3 17 3 4 4 26 16 5 5 7 5 15 6 5 4 5 5 5 5 5 5 5 13 5 5 5 5 5 6 7 6 7 6 5 0 6 2 5 22 7 5 5 13 9 6 6 9
11 6 6 5 0 2 5 5 0 4 4 0 4 3 5 4 5 0 4 5 4 4 4 0 4 4 5 0 4 6 5 4 1 0 3 4 4 3 5 9 5 5 4 5 5 4 9 5 5 4 0 3 5 4 5 5 5 6 5 5 6 5 12 5 5 5 5 6 18 14 6 12 5 5 4 5 6 6 5 5 5 2 7 5 5 4 4 5 7 4 5 10 6 7 6 6
43 7 6 7 2 8 12 5 5 8 0 4 4 0 5 0 1 0 0 0 1 5 0 0 0 5 10 4 4 2 4 0 0 4 7 2 4 4 4 5 4 2 4 7 7 5 8 4 0 3 0 6 5 0 1 5 5 14 5 1 5 4 6 5 4 5 9 5 7 5 5 5 4 0 0 5 5 5 5 5 7 0 5 11 5 5 6 8 5 3 5 6 6 4 5 34
6 5 5 4 5 5 6 4 7 5 0 5 0 0 4 0 4 5 0 0 0 0 10 4 0 3 9 4 5 5 5 5 5 0 0 4 10 5 2 6 5 6 4 6 5 5 8 0 2 5 0 0 12 5 0 5 5 4 4 4 5 5 4 5 6 4 4 4 5 5 2 0 5 0 5 26 6 5 13 4 5 4 3 5 5 5 21 15 5 5 5 5 5 5 5 5
5 4 2 4 0 0 0 1 3 0 0 6 0 6 11 4 0 4 0 3 4 1 0 5 0 1 0 6 6 5 8 5 6 0 0 0 1 1 4 7 5 5 0 4 4 4 8 0 0 0 0 2 5 3 0 4 4 10 5 4 5 4 4 5 32 5 5 4 5 11 0 7 1 6 3 6 2 0 4 5 16 5 5 5 5 5 6 6 5 6 7 6 5 6 5 4
5 5 2 5 5 0 0 0 7 0 3 4 0 5 6 5 4 9 1 25 3 5 5 4 0 4 1 0 5 5 6 0 5 6 5 0 0 1 5 21 7 3 0 5 5 5 6 0 0 5 0 1 5 0 5 5 4 6 5 5 7 14 6 5 4 5 5 6 6 5 0 1 4 6 5 0 5 0 1 5 13 5 5 4 0 5 4 5 5 6 42 27 6 13 4 3
6 28 5 5 14 8 4 5 6 3 3 2 2 4 5 4 0 4 5 5 5 5 5 2 7 5 7 0 5 5 4 0 5 4 4 4 1 4 8 5 4 1 4 14 5 5 12 4 4 5 6 7 5 8 5 11 5 8 12 6 5 5 5 5 5 5 6 6 5 5 4 8 4 5 0 5 1 4 5 5 4 5 15 5 4 5 5 11 5 6 9 8 6 5 6 6
5 5 5 2 5 5 5 8 46 6 4 5 5 4 6 2 4 5 5 4 1 4 12 1 4 5 9 4 7 15 9 4 4 0 9 4 5 15 12 5 6 5 4 16 5 6 50 5 5 2 8 0 1 7 5 5 17 18 60 10 7 5 18 5 6 5 6 19 5 1 5 6 5 19 5 5 2 0 3 5 5 5 5 5 4 0 5 6 6 7 5 8 6 6 5 5
5 4 0 0 0 5 5 6 19 6 16 5 5 5 6 5 5 5 4 0 0 1 17 5 3 4 10 0 5 23 19 5 5 5 7 6 5 7 6 5 3 4 5 4 0 4 5 6 0 1 4 4 0 4 5 5 6 6 18 7 26 6 6 5 5 8 5 43 6 5 5 4 4 6 5 11 8 0 5 8 4 6 6 5 6 6 7 7 8 11 6 22 8 6 7 6
5 0 2 0 0 1 4 5 5 4 5 5 26 12 14 5 5 5 4 4 0 0 4 4 5 0 2 5 4 5 6 5 4 5 11 34 5 3 4 5 0 12 5 0 0 4 5 5 4 2 0 5 0 4 2 6 5 7 15 7 8 6 5 5 5 8 5 12 6 5 8 5 6 5 5 4 6 3 5 5 5 7 7 6 8 7 11 38 15 11 7 12 10 6 7 6
5 5 0 0 0 0 7 3 5 3 4 5 6 31 44 5 5 6 0 4 0 0 5 7 4 0 3 2 5 6 5 9 5 5 5 5 4 4 0 0 4 5 4 4 2 5 4 5 5 0 5 9 6 16 5 5 7 7 14 13 11 7 7 17 5 5 0 5 5 4 4 5 5 5 5 6 5 5 5 6 11 5 5 5 6 17 37 60 61 13 9 11 6 6 5 4
5 20 2 0 0 6 4 0 5 0 2 5 5 6 7 4 4 8 2 10 5 1 6 0 0 1 4 4 5 6 12 6 5 5 5 6 6 1 0 0 5 5 1 4 5 12 6 4 9 15 5 4 4 9 5 5 8 8 56 60 59 26 13 7 6 7 5 5 5 5 5 4 5 4 9 19 5 5 8 6 30 9 6 6 7 13 50 60 50 20 8 8 6 5 6 5
5 3 5 8 0 1 4 3 2 2 5 0 6 4 5 3 4 0 0 2 0 4 14 4 12 8 5 5 5 12 50 21 8 8 5 6 5 4 4 4 5 4 4 12 8 52 8 4 3 4 4 0 4 4 5 5 6 7 51 62 63 62 23 8 6 26 6 24 33 5 17 5 5 6 13 22 6 9 9 6 20 9 23 17 10 22 24 24 16 11 7 26 17 11 5 5
7 3 0 0 9 0 5 4 26 0 10 4 16 4 5 5 0 0 0 3 0 5 4 7 5 4 1 6 5 10 58 46 6 18 5 11 43 9 4 9 12 5 4 4 5 6 4 0 4 4 4 5 1 5 5 6 11 8 14 40 55 56 27 10 7 8 5 8 11 6 5 5 3 4 5 5 8 12 5 6 8 5 6 5 6 6 7 15 6 8 5 6 9 11 6 5
4 0 0 0 8 3 7 5 7 5 5 0 1 3 9 5 4 8 4 5 3 0 4 5 0 1 5 0 6 6 12 17 6 5 5 6 24 7 5 5 10 5 0 5 5 5 5 4 5 5 3 7 5 7 5 5 5 5 14 14 12 13 11 7 6 6 5 5 7 6 9 4 5 0 5 5 4 4 7 6 5 5 5 4 5 6 5 5 5 5 5 5 17 5 11 17
0 0 2 6 0 0 5 4 5 5 3 1 1 4 5 5 4 25 4 7 0 0 5 33 5 1 6 4 4 5 5 6 5 4 1 5 5 5 5 5 6 4 4 2 4 5 5 5 23 5 0 4 5 23 6 5 5 4 5 5 6 6 6 5 5 5 5 4 5 5 5 5 0 3 5 5 5 5 8 7 5 5 20 7 5 7 4 5 7 6 1 6 12 5 7 5
0 0 2 5 0 0 3 0 0 19 5 5 4 5 0 0 4 5 2 2 2 0 0 5 4 4 5 5 6 5 5 5 7 5 4 4 4 4 0 5 7 1 5 5 5 5 4 4 11 4 0 2 2 5 4 5 21 4 5 5 5 5 5 22 4 0 8 5 7 5 7 8 5 5 10 5 2 5 5 9 7 5 7 4 5 5 5 5 6 5 3 5 19 4 9 4
0 0 1 0 0 0 0 14 5 12 6 6 5 19 2 5 22 6 4 4 4 0 4 4 1 0 1 5 5 4 4 4 4 4 4 4 5 8 5 16 14 5 5 5 4 11 0 7 5 1 4 4 4 0 4 5 4 4 0 4 5 5 4 5 6 4 5 5 12 5 6 5 6 6 6 5 6 6 6 28 13 4 0 5 0 2 1 0 4 5 5 5 4 0 0 5
0 0 5 0 0 0 2 0 2 4 1 4 0 4 1 9 6 5 4 8 4 25 5 2 8 4 1 6 6 7 7 5 13 0 7 6 4 4 5 5 7 5 4 5 4 5 0 4 5 8 4 4 13 5 2 1 0 0 5 4 0 5 4 5 4 6 6 6 13 8 13 6 6 5 18 6 5 5 5 6 6 6 4 0 0 0 0 4 6 8 0 6 4 4 5 0
0 5 6 0 0 10 3 0 0 5 1 4 5 3 3 2 2 4 1 6 0 1 3 0 0 0 0 2 0 3 5 0 4 0 0 4 3 4 4 5 19 6 5 0 3 2 0 0 0 1 5 4 5 5 10 6 4 4 9 9 3 27 4 5 5 14 41 6 7 6 16 8 9 7 7 7 6 7 10 6 5 6 5 1 0 0 5 5 7 6 4 0 5 4 4 5
0 0 0 4 11 0 0 0 0 2 8 5 5 2 0 0 3 9 5 5 4 2 6 0 0 3 4 0 0 7 0 5 6 6 1 4 5 5 5 5 20 10 8 6 4 8 4 0 3 0 5 5 5 4 5 0 0 4 3 3 0 4 4 4 7 5 8 6 7 7 20 15 9 10 8 7 6 8 42 6 5 6 6 5 5 7 5 6 49 8 5 4 9 9 10 5
0 0 0 0 9 2 0 5 4 4 7 0 4 0 0 0 0 4 5 5 5 5 2 0 0 3 1 0 0 3 0 0 3 5 6 5 5 5 5 13 7 8 5 4 4 2 4 6 5 5 11 7 6 6 5 10 0 4 0 5 5 0 5 0 0 0 5 5 8 9 18 31 48 45 13 13 7 10 7 5 5 5 6 8 4 4 5 6 28 9 5 5 6 6 5 6
0 0 5 0 0 0 0 5 0 0 5 5 6 3 4 6 11 4 7 41 8 6 4 4 1 0 4 0 0 4 0 1 4 5 7 35 17 7 6 25 25 8 6 5 5 4 5 5 5 5 7 50 29 7 5 5 0 5 4 0 5 0 1 5 4 6 5 6 6 7 11 62 63 61 20 9 6 8 5 6 9 5 4 6 5 4 5 6 6 8 5 6 5 10 6 8
0 0 4 0 0 8 5 8 5 0 5 13 6 4 6 6 5 4 5 39 14 10 6 7 5 5 5 19 6 6 6 5 5 34 13 35 23 10 19 62 62 19 28 19 7 10 5 21 6 8 8 58 21 10 8 14 9 21 4 0 5 6 4 11 4 10 5 12 9 11 26 63 63 46 19 9 7 6 5 4 4 5 4 1 3 4 7 5 5 6 6 5 6 5 7 7
4 5 0 0 5 0 0 4 0 0 5 47 12 4 0 4 0 7 6 5 5 4 4 2 5 1 5 25 5 4 0 5 2 5 5 5 6 5 12 26 39 10 10 9 6 5 5 5 5 5 5 8 9 6 5 6 6 42 5 0 5 3 5 5 4 5 5 6 8 9 30 61 63 19 13 9 43 10 5 9 6 5 7 4 5 6 4 5 5 7 8 6 6 6 7 10
0 0 0 1 6 0 0 0 0 5 8 6 5 1 0 2 3 5 5 4 5 4 0 0 0 0 0 4 2 0 6 4 5 4 5 6 5 5 6 9 9 7 6 6 5 6 4 7 9 5 5 5 6 5 0 4 4 5 2 0 8 4 25 5 5 14 4 6 9 13 11 43 51 19 8 6 7 5 5 5 6 6 9 5 14 5 5 7 5 7 19 13 7 7 14 32
0 0 0 9 0 0 0 0 4 8 5 4 4 6 0 6 34 4 10 4 8 0 4 4 0 0 0 3 0 0 5 4 5 5 5 6 8 7 10 10 35 13 6 10 6 9 5 5 5 4 5 7 5 6 5 4 3 4 0 1 3 0 7 4 0 4 4 5 5 8 8 13 22 12 8 7 6 5 4 5 5 5 5 5 5 5 6 8 6 9 24 23 7 8 15 52
0 0 0 4 0 0 0 10 0 0 0 0 3 8 1 0 5 1 0 0 2 1 20 9 7 0 5 0 5 4 5 8 28 8 5 20 10 9 8 10 8 7 5 5 5 5 5 6 6 5 4 5 3 5 5 4 0 0 0 8 2 0 4 4 0 12 6 6 20 11 6 6 10 15 9 17 5 5 5 5 6 40 5 5 5 5 5 5 6 6 7 7 9 7 14 36
1 0 6 0 4 0 0 7 0 0 0 7 4 0 0 0 0 3 5 0 0 0 0 4 4 1 5 1 5 2 5 7 23 7 5 7 6 7 9 7 15 10 8 6 6 6 5 6 6 5 5 4 4 4 5 5 5 4 0 4 0 5 1 4 5 9 6 6 7 9 7 6 12 50 10 10 6 5 5 5 6 8 5 5 6 6 5 7 7 7 13 12 8 7 13 21
5 0 0 0 4 5 5 4 0 0 11 5 1 2 6 0 0 0 4 0 0 0 0 0 0 0 0 5 6 0 5 4 5 7 5 6 17 16 32 15 41 14 9 7 7 7 5 5 6 9 10 5 5 7 24 37 7 7 5 21 5 6 15 4 5 5 6 7 6 5 14 7 23 60 48 32 9 10 7 6 6 5 5 5 5 5 6 7 8 10 39 14 11 8 16 8
5 0 5 0 0 20 6 0 0 9 5 4 4 5 0 0 0 0 28 4 0 0 0 0 0 2 3 9 5 0 0 0 5 6 6 7 9 21 28 43 63 39 16 15 8 7 22 7 9 54 40 8 9 6 12 14 5 9 6 10 6 10 9 8 6 7 27 16 17 6 7 6 9 45 63 62 14 21 14 14 8 13 10 8 8 10 12 28 10 18 55 25 20 15 33 13
8 3 5 5 2 5 5 3 0 3 3 6 7 4 0 0 0 4 10 5 0 0 0 0 0 21 6 10 11 5 4 7 5 8 20 8 11 58 62 57 62 49 52 21 32 9 26 6 7 19 10 6 5 5 5 5 4 4 4 0 0 5 0 0 3 4 7 6 4 3 5 5 6 12 43 36 11 8 6 9 5 5 9 38 9 21 8 34 16 43 63 62 59 45 44 10
6 0 6 5 22 5 5 0 6 6 5 17 38 6 5 4 6 0 2 4 0 0 0 0 0 5 4 4 4 7 5 4 5 21 9 14 38 62 63 63 63 63 51 23 9 7 9 5 5 21 6 5 5 5 5 4 4 7 17 2 4 4 0 0 5 4 6 5 0 4 6 7 5 6 13 8 6 5 5 32 6 6 6 8 6 6 8 10 14 51 63 63 63 62 35 13
6 6 5 6 5 5 5 4 5 0 5 5 6 4 2 0 12 2 0 16 0 0 0 0 0 0 0 0 0 5 11 7 6 14 10 13 45 63 63 63 63 63 43 18 8 6 9 6 5 5 5 5 5 10 6 5 0 9 10 0 3 0 0 0 5 4 4 0 0 5 6 6 6 5 6 6 6 5 5 5 5 5 6 7 9 6 20 26 19 53 63 63 63 60 50 14
6 6 38 10 5 4 4 4 5 2 4 4 4 3 3 0 5 0 5 5 0 0 0 0 0 0 0 5 3 6 6 5 7 11 14 14 17 47 52 63 63 50 22 11 10 6 5 5 10 8 3 5 4 6 5 0 5 0 0 6 2 0 0 0 0 6 5 0 1 5 6 8 20 5 15 6 12 6 8 5 5 6 20 48 8 7 12 14 36 30 61 60 56 25 22 14
7 5 10 6 6 6 4 9 6 6 10 6 6 6 5 3 4 5 8 6 1 4 5 26 8 11 5 9 24 11 11 8 11 6 7 13 9 12 18 56 35 20 46 7 6 5 5 5 5 5 5 5 6 5 0 3 15 0 0 0 4 6 0 6 3 5 4 5 4 5 5 5 6 5 6 4 5 2 5 4 5 7 56 43 7 7 6 9 11 12 19 21 14 13 9 7
21 7 6 6 6 5 5 11 9 4 5 8 7 7 5 2 4 5 6 3 0 10 1 6 4 5 3 4 5 4 5 4 5 5 4 5 6 9 9 18 11 11 8 7 6 6 6 3 1 6 8 15 24 6 5 3 5 1 0 0 0 8 0 0 0 0 2 0 0 0 4 4 5 5 5 5 1 4 6 5 7 16 43 12 6 6 6 6 6 8 8 8 9 8 26 7
