Heavy_metals/usgrids5km/vsky.asc
NCOLS 940
NROWS 592
XLLCORNER -2405000.000000
YLLCORNER 260000.000000
CELLSIZE 5000.000000
NODATA_VALUE -99999.000000
[rows 68 to 101 of 592, columns 608 to 683 of 940]
99.81 99.75 99.91 99.97 99.83 99.51 99.88 99.52 99.52 99.80 100.00 99.65 99.91 99.92 99.95 99.84 99.42 99.31 99.89 99.97 99.90 99.91 99.89 99.78 99.88 99.72 99.88 99.89 99.76 99.70 99.82 99.86 99.94 99.75 99.98 99.83 99.91 99.96 99.99 99.91 99.97 99.96 99.89 99.83 99.76 99.97 99.90 99.95 99.81 99.90 99.88 100.00 99.85 100.00 99.86 99.74 99.81 99.89 99.99 100.00 99.92 99.93 99.96 99.92 99.95 99.89 99.91 99.81 99.86 99.99 99.92 99.85 99.89 100.00 99.72 99.80
99.75 99.89 99.98 100.00 99.81 99.59 99.69 99.63 99.92 99.96 100.00 99.77 99.98 99.87 99.96 99.90 99.50 99.35 99.78 99.85 99.88 99.86 99.92 99.87 99.84 99.95 99.80 99.86 99.53 99.88 99.93 99.96 99.99 99.65 99.83 99.99 99.97 99.86 99.96 100.00 100.00 99.77 99.80 99.87 99.79 99.96 99.96 100.00 99.76 99.71 99.85 99.84 99.85 99.99 99.90 99.65 99.64 99.95 99.91 99.97 99.93 100.00 99.96 99.96 99.93 99.86 99.95 99.72 99.99 99.99 99.89 99.72 99.90 99.98 99.86 99.87
99.75 99.96 100.00 99.99 99.88 99.84 99.92 99.98 99.97 99.84 99.80 99.92 99.97 100.00 99.88 99.86 99.73 99.48 99.58 99.76 99.51 99.65 99.91 99.58 99.83 99.73 99.96 99.95 99.69 99.92 100.00 99.89 99.86 99.85 99.85 99.94 99.86 99.98 100.00 100.00 99.96 99.76 99.81 99.77 99.87 100.00 99.94 100.00 99.97 99.81 99.83 99.82 99.75 99.88 99.92 99.96 99.97 99.95 99.79 99.82 99.93 99.99 99.88 99.96 99.78 99.98 99.92 99.71 99.98 99.91 99.89 99.96 99.90 99.96 99.89 99.88
99.87 99.93 100.00 99.99 99.89 99.88 99.70 99.71 99.61 99.57 99.89 99.96 99.90 100.00 99.89 99.62 99.85 99.67 99.51 99.87 99.83 100.00 99.69 99.81 99.20 99.57 100.00 100.00 99.53 100.00 100.00 100.00 99.80 100.00 99.79 99.93 99.96 99.98 99.93 100.00 99.94 99.77 99.52 99.91 99.73 100.00 99.90 99.92 99.94 99.78 99.83 99.77 99.91 99.91 99.75 100.00 99.89 99.76 99.90 99.89 99.84 99.95 99.97 99.93 99.92 99.96 99.95 99.94 99.85 99.96 99.95 99.94 99.97 99.96 99.82 99.86
99.92 99.97 99.98 99.91 99.88 99.88 99.70 99.72 99.73 99.86 99.89 99.92 99.86 99.94 99.89 99.52 99.82 99.80 99.41 99.32 99.76 99.76 99.65 99.92 99.78 99.68 100.00 99.63 99.63 99.80 99.86 100.00 99.87 99.97 99.87 99.82 99.99 99.77 99.97 99.99 99.85 99.84 99.65 99.84 99.98 99.99 99.92 99.99 99.88 99.91 99.81 99.97 99.96 99.94 99.99 99.76 99.91 99.91 99.78 99.82 99.92 99.95 99.95 99.91 99.91 99.78 99.94 99.49 100.00 99.94 99.88 99.94 99.94 99.48 99.99 99.96
99.89 99.95 99.88 99.87 99.89 99.79 99.73 99.93 99.80 99.97 99.90 99.88 99.93 99.87 99.97 99.70 99.62 99.83 99.68 99.27 99.69 99.70 99.97 100.00 99.98 99.92 99.99 99.94 99.79 99.78 99.98 99.93 100.00 99.96 99.81 99.97 99.92 99.82 99.92 99.88 99.86 99.93 99.63 99.94 100.00 100.00 99.94 99.83 99.73 99.70 99.90 99.93 99.73 99.97 99.39 99.98 99.83 99.91 99.65 99.99 99.81 99.99 99.93 99.98 99.90 99.78 99.92 99.73 99.98 99.99 99.98 99.93 99.84 100.00 100.00 100.00
99.85 99.93 99.95 99.95 99.90 99.86 100.00 100.00 99.94 99.91 99.83 99.89 99.93 99.87 100.00 99.84 99.48 99.85 99.86 99.25 99.27 100.00 99.98 99.52 99.92 99.85 100.00 100.00 100.00 99.63 99.95 99.86 99.85 99.78 99.67 99.89 99.84 99.97 100.00 99.98 99.80 99.96 99.75 99.98 100.00 99.98 99.51 99.98 100.00 99.99 99.97 99.82 99.71 99.91 99.91 100.00 99.83 99.98 99.71 99.93 99.92 99.98 99.97 99.99 99.96 99.97 99.71 99.91 99.93 100.00 99.98 99.98 100.00 99.97 99.79 99.89
99.89 99.86 99.94 99.91 99.83 99.96 100.00 99.95 99.97 99.62 99.52 99.43 99.58 99.77 100.00 99.87 99.52 99.86 99.91 99.35 99.19 99.64 99.69 99.98 99.75 100.00 99.84 99.25 99.81 100.00 99.74 99.86 99.91 99.92 99.97 99.98 100.00 100.00 99.78 99.89 99.79 99.85 99.80 99.97 99.74 99.99 99.71 99.95 100.00 99.91 99.08 99.91 99.98 100.00 99.96 99.98 100.00 99.96 100.00 99.96 99.98 99.95 99.97 99.95 99.96 99.95 99.36 99.89 99.96 99.86 99.98 99.94 100.00 100.00 99.85 99.90
99.94 99.92 99.89 99.88 99.93 100.00 100.00 99.90 99.74 99.61 100.00 99.77 100.00 99.99 99.96 99.97 99.52 99.86 99.93 99.74 99.05 99.22 99.71 99.86 99.61 99.93 99.66 99.84 100.00 100.00 99.93 99.93 100.00 99.91 99.78 99.73 99.97 99.92 99.91 100.00 99.99 99.67 99.86 99.99 99.74 99.96 99.95 99.89 99.69 99.74 99.91 100.00 99.87 99.99 99.93 99.87 99.99 99.94 100.00 100.00 99.98 100.00 99.93 99.87 99.93 99.95 99.75 99.88 99.94 99.98 100.00 99.78 99.88 99.87 99.84 99.87
99.95 99.94 99.89 99.91 99.98 100.00 99.90 99.86 99.25 99.76 100.00 99.99 100.00 99.94 99.86 99.87 99.62 99.85 99.89 99.85 99.40 99.39 99.65 99.81 99.88 99.99 99.60 99.76 99.78 99.51 99.84 99.84 99.93 99.83 99.62 99.98 99.99 99.95 99.99 99.76 99.79 99.78 99.85 99.78 100.00 99.83 99.54 99.88 99.89 99.97 99.89 100.00 99.73 100.00 99.87 99.86 99.84 99.86 99.64 100.00 99.94 99.93 99.95 99.89 99.93 99.82 99.89 99.96 100.00 99.89 99.91 99.85 99.87 99.94 99.95 99.97
99.92 99.93 99.96 99.91 99.87 99.83 99.91 99.99 99.47 99.72 99.99 99.96 99.87 99.91 99.91 99.78 99.63 99.76 99.88 99.76 99.80 99.53 99.49 99.57 99.82 100.00 99.80 99.98 99.82 99.81 100.00 99.91 100.00 99.94 99.89 99.84 100.00 99.88 99.72 99.64 99.80 99.76 100.00 99.82 100.00 99.50 99.87 99.69 99.60 99.94 99.86 99.83 99.86 100.00 99.70 99.83 99.97 99.93 99.77 100.00 100.00 99.87 100.00 99.94 99.92 99.96 99.91 99.91 99.93 99.92 99.82 99.88 99.93 99.95 99.92 99.96
99.99 99.97 99.96 99.77 99.79 100.00 100.00 99.70 99.48 99.75 99.98 99.90 99.89 99.97 99.96 99.77 99.87 99.80 99.93 99.56 99.89 99.78 99.43 99.46 99.57 99.84 99.92 99.89 99.51 99.92 100.00 99.99 100.00 100.00 99.85 99.78 99.85 99.54 99.27 99.47 99.37 99.55 99.80 99.96 99.90 99.39 99.70 99.87 99.89 100.00 99.93 99.84 99.94 100.00 99.98 99.87 99.99 100.00 99.98 100.00 99.97 99.90 99.93 99.84 99.92 99.98 99.95 100.00 99.87 99.93 99.86 99.87 99.89 99.91 99.94 99.90
99.99 99.95 99.65 99.65 99.95 100.00 100.00 99.50 99.80 99.94 99.99 99.87 99.90 100.00 100.00 99.65 99.96 99.85 99.97 99.42 99.91 99.87 99.84 99.70 99.52 99.35 100.00 99.74 99.96 99.85 99.81 99.65 99.77 98.22 98.86 99.17 99.08 99.18 99.31 99.10 99.21 99.60 99.56 99.96 99.90 99.50 99.64 99.92 100.00 99.87 99.80 99.82 99.84 100.00 99.94 99.86 99.92 99.92 99.83 99.87 99.88 99.91 99.98 100.00 100.00 99.93 99.91 99.93 99.86 99.93 99.85 99.85 99.87 99.97 99.92 99.91
99.98 99.98 99.91 99.73 99.91 99.90 99.94 99.72 99.96 99.99 99.96 99.91 99.98 100.00 99.96 99.51 99.97 100.00 99.98 99.42 99.97 99.89 99.94 99.91 99.65 99.40 99.30 99.46 99.34 99.11 98.75 98.94 99.20 99.37 99.61 99.65 99.58 99.43 99.32 99.08 99.90 99.96 99.87 99.97 99.69 99.81 99.82 99.96 100.00 99.61 99.86 99.93 99.81 99.97 99.86 99.90 100.00 99.99 100.00 99.94 99.99 100.00 99.99 99.99 100.00 99.94 99.94 99.97 99.89 99.90 99.89 99.92 99.91 99.96 99.95 99.91
99.88 99.96 99.91 99.67 99.98 99.97 99.90 99.89 99.94 99.98 99.94 99.95 99.95 99.90 99.88 99.52 99.99 100.00 99.99 99.53 99.97 99.92 99.93 99.82 99.85 99.80 99.66 99.60 99.63 99.67 99.79 99.80 99.75 99.64 99.72 99.76 99.72 99.44 99.45 99.32 99.98 99.77 99.94 99.91 99.58 99.91 99.78 100.00 100.00 99.45 100.00 99.90 99.73 99.92 100.00 99.97 99.95 99.94 99.99 99.95 99.97 99.97 99.94 99.96 99.93 99.82 99.97 99.98 99.90 99.82 99.94 99.92 99.92 99.91 99.86 99.88
99.89 99.84 99.84 99.83 100.00 99.98 99.90 99.91 99.93 99.95 99.94 99.93 99.87 99.92 99.90 99.66 99.95 100.00 99.99 99.62 99.90 99.99 99.84 99.73 99.74 99.61 99.56 99.61 99.72 99.83 99.83 99.82 99.82 99.84 99.89 99.89 99.82 99.59 99.66 98.92 99.73 99.57 99.94 99.80 99.79 99.94 99.92 99.75 99.83 100.00 99.78 99.88 99.89 99.87 99.96 100.00 99.93 99.98 99.97 99.84 99.92 99.97 99.94 100.00 99.97 99.99 99.99 99.99 99.98 99.91 99.95 99.94 99.94 99.99 99.98 100.00
99.90 99.77 99.88 99.94 99.99 99.91 99.89 99.90 99.90 99.92 99.91 99.92 99.93 99.94 99.92 99.80 99.92 99.99 99.99 99.66 99.83 99.92 99.75 99.74 99.60 99.42 99.36 99.54 99.57 99.75 99.46 99.57 99.80 99.83 99.97 99.95 99.80 99.52 99.46 99.07 99.90 99.91 99.99 99.96 99.99 99.93 99.70 99.76 100.00 100.00 100.00 99.98 99.93 99.87 99.84 99.88 99.87 99.95 99.96 99.92 99.93 99.99 100.00 99.83 99.92 99.94 99.88 99.98 99.98 99.97 99.99 99.99 99.89 99.94 100.00 99.89
99.85 99.84 99.99 99.99 99.97 99.87 99.88 99.89 99.91 99.92 99.92 99.94 99.95 99.95 99.93 99.84 99.91 100.00 99.89 99.91 99.81 99.93 99.45 99.76 99.81 100.00 100.00 100.00 100.00 99.89 99.43 99.72 99.72 99.85 99.99 99.92 99.67 99.54 99.53 99.53 99.89 99.83 100.00 100.00 99.99 99.74 99.77 99.99 99.81 100.00 99.97 99.98 99.86 99.94 99.91 99.90 99.90 100.00 99.76 99.95 99.88 99.87 99.95 99.82 99.95 99.97 99.96 99.97 99.89 99.95 99.94 99.93 99.98 99.99 99.92 99.97
99.81 99.90 100.00 100.00 99.92 99.88 99.86 99.89 99.90 99.92 99.91 99.92 99.96 99.96 99.93 99.87 99.92 99.99 99.66 99.93 99.89 99.98 99.73 99.79 99.90 99.78 99.50 99.31 99.21 99.41 99.56 99.70 99.79 100.00 100.00 99.90 99.57 99.74 99.66 99.54 99.91 100.00 99.92 99.95 100.00 99.68 99.21 100.00 99.89 99.87 99.86 100.00 100.00 99.88 99.90 99.79 99.86 99.86 99.85 99.90 99.79 99.85 99.97 100.00 99.97 99.96 99.95 99.94 99.87 99.96 99.92 99.93 100.00 99.91 100.00 99.83
99.91 99.96 100.00 99.99 99.85 99.82 99.84 99.89 99.90 99.89 99.89 99.91 99.96 99.96 99.92 99.93 99.92 99.96 99.68 99.92 99.91 99.70 99.92 99.94 99.75 99.41 99.54 99.76 99.86 99.52 99.68 99.80 99.97 100.00 99.99 99.85 99.82 99.84 99.55 99.75 99.78 99.90 99.77 99.89 99.73 100.00 99.29 99.59 100.00 99.95 99.76 99.76 99.93 99.98 99.94 99.94 100.00 99.74 99.85 99.88 99.98 100.00 99.97 99.78 99.77 99.82 99.86 99.95 99.80 99.92 99.98 99.71 99.87 99.91 99.94 99.90
99.90 99.95 99.99 99.98 99.79 99.79 99.82 99.87 99.87 99.87 99.88 99.92 99.95 99.96 99.94 99.95 99.91 99.65 99.78 100.00 99.96 99.59 99.91 99.98 99.82 99.57 99.98 99.98 99.91 99.75 99.99 99.97 99.88 99.93 99.97 99.46 99.69 99.94 99.14 99.03 99.97 99.91 99.85 99.99 99.66 99.64 99.84 100.00 99.91 99.73 99.75 99.98 99.76 99.94 99.76 99.87 99.93 99.94 100.00 100.00 99.85 99.78 99.94 99.99 99.68 100.00 99.90 99.97 99.91 99.91 99.96 99.78 99.94 100.00 99.98 100.00
99.90 99.97 99.99 100.00 99.78 99.76 99.79 99.82 99.86 99.88 99.90 99.93 99.95 99.93 99.93 99.94 99.95 99.36 99.94 100.00 99.66 99.60 99.59 100.00 99.57 99.98 100.00 99.98 99.75 99.98 100.00 99.93 99.32 99.92 99.98 99.20 99.64 99.95 99.47 99.56 99.47 99.36 99.18 99.84 99.86 99.78 100.00 99.82 99.90 100.00 100.00 99.99 99.99 99.99 99.99 99.99 100.00 99.75 99.76 99.72 99.80 99.72 99.99 100.00 99.97 100.00 99.85 99.92 99.71 99.94 99.98 99.93 99.99 99.96 99.98 100.00
99.92 99.96 99.98 99.95 99.78 99.75 99.75 99.80 99.84 99.88 99.90 99.93 99.95 99.92 99.95 99.97 99.95 99.52 99.98 100.00 99.69 99.91 98.85 100.00 99.28 100.00 100.00 99.89 99.56 99.92 99.95 99.81 99.51 99.94 100.00 99.20 99.82 99.97 99.83 99.94 99.94 99.05 99.36 99.37 99.83 100.00 100.00 99.43 100.00 99.89 100.00 99.95 99.91 99.82 99.30 99.86 99.73 99.79 99.81 99.89 99.66 100.00 100.00 99.91 100.00 99.62 100.00 99.78 99.96 99.87 99.98 99.96 99.74 99.87 100.00 99.86
99.89 99.92 99.96 99.86 99.77 99.73 99.71 99.76 99.82 99.85 99.87 99.92 99.95 99.88 99.93 99.98 99.96 99.70 99.97 100.00 99.86 99.98 99.92 99.25 99.88 99.86 100.00 99.95 99.66 99.90 99.91 99.62 99.62 99.98 100.00 99.46 99.72 99.89 99.61 99.83 99.95 99.76 99.89 99.45 99.43 99.93 98.91 98.99 100.00 99.98 99.88 99.96 100.00 99.46 99.94 99.86 99.87 99.89 99.77 99.81 99.99 100.00 99.88 99.65 100.00 99.57 99.99 99.99 99.91 99.98 99.81 99.96 99.92 99.97 99.92 99.87
99.87 99.90 99.91 99.84 99.79 99.68 99.68 99.72 99.79 99.83 99.83 99.89 99.94 99.86 99.92 99.98 99.97 99.32 99.84 100.00 99.89 99.73 99.97 99.07 100.00 99.85 100.00 100.00 99.52 99.89 99.88 99.34 99.78 100.00 99.96 99.72 99.80 99.99 99.33 99.79 99.47 99.89 99.91 99.78 99.23 98.83 99.93 100.00 100.00 99.27 99.43 99.89 99.80 100.00 99.83 99.84 100.00 99.89 99.95 99.97 100.00 99.93 99.57 100.00 99.88 100.00 99.92 99.98 99.95 99.98 99.90 99.94 99.95 99.98 99.95 99.97
99.84 99.88 99.90 99.84 99.81 99.65 99.67 99.70 99.76 99.81 99.83 99.86 99.94 99.86 99.91 99.98 99.94 99.56 99.90 100.00 99.99 99.41 99.99 99.26 99.73 99.87 99.99 100.00 99.36 99.91 99.86 99.29 99.91 100.00 99.89 99.81 99.82 100.00 99.60 99.88 99.46 99.92 99.86 99.83 99.61 99.09 99.13 100.00 99.90 100.00 99.99 100.00 99.95 99.61 99.80 99.96 99.83 99.90 100.00 99.95 99.77 100.00 99.82 99.97 99.79 100.00 99.91 99.99 99.97 99.82 99.95 99.76 99.93 99.86 99.98 99.77
99.87 99.86 99.88 99.84 99.79 99.70 99.67 99.71 99.73 99.77 99.79 99.82 99.93 99.89 99.96 99.97 99.99 99.62 99.92 99.84 100.00 99.81 99.50 99.87 99.32 99.99 99.95 100.00 99.31 99.79 99.70 99.57 99.95 100.00 99.79 99.80 99.80 100.00 99.80 99.80 99.58 99.93 99.90 99.85 99.69 99.08 99.60 99.64 100.00 99.82 99.93 100.00 99.91 100.00 99.95 99.90 99.90 99.78 100.00 99.95 99.82 100.00 99.72 100.00 99.80 99.96 99.65 100.00 99.81 99.99 99.98 99.92 99.84 99.96 99.96 99.83
99.96 99.81 99.87 99.82 99.78 99.73 99.69 99.73 99.74 99.75 99.72 99.77 99.92 99.92 99.98 99.94 100.00 99.33 100.00 99.63 100.00 99.89 99.85 100.00 98.72 99.89 99.90 99.86 99.95 99.65 99.50 99.74 99.98 100.00 99.75 99.93 99.64 100.00 99.88 99.84 99.72 99.82 99.94 99.83 99.13 99.15 99.99 99.95 100.00 99.99 99.43 99.44 100.00 99.72 99.80 99.81 99.87 99.98 99.88 99.95 99.92 99.97 99.72 99.89 99.60 100.00 99.50 99.83 99.61 99.80 100.00 99.89 99.87 99.94 99.83 99.97
99.73 99.82 99.89 99.83 99.80 99.78 99.70 99.74 99.75 99.76 99.70 99.78 99.88 99.96 100.00 99.89 99.99 99.50 99.99 99.79 99.97 99.50 99.98 100.00 99.29 100.00 99.76 99.75 100.00 99.20 99.73 99.85 99.99 100.00 99.85 99.97 99.43 100.00 99.50 99.95 99.81 99.77 99.97 99.74 98.72 99.65 99.97 99.77 99.89 99.17 100.00 99.98 99.87 99.68 100.00 99.87 99.91 99.85 99.76 99.76 99.84 100.00 99.87 100.00 99.35 100.00 99.70 99.98 99.84 100.00 99.99 99.99 99.94 99.99 99.95 100.00
99.76 99.88 99.95 99.90 99.81 99.73 99.66 99.71 99.75 99.77 99.62 99.86 99.69 99.98 99.92 99.86 99.64 99.98 99.67 100.00 99.33 99.02 100.00 99.70 99.92 100.00 99.99 99.80 99.73 99.57 100.00 99.87 99.91 100.00 99.76 99.97 99.69 99.99 99.38 99.93 99.75 99.79 99.97 99.41 98.57 99.99 99.70 100.00 99.36 100.00 100.00 99.90 99.67 100.00 100.00 99.92 99.86 99.51 99.95 100.00 99.70 99.99 99.82 99.88 99.89 99.76 99.86 99.96 99.73 99.88 99.91 99.95 99.98 99.91 99.91 99.99
99.82 99.91 99.96 99.91 99.83 99.49 99.67 99.95 99.71 99.80 99.55 99.87 99.61 99.99 99.92 99.84 99.67 100.00 99.46 100.00 100.00 98.98 100.00 99.69 99.95 99.90 99.89 99.99 99.26 99.75 100.00 99.52 99.95 99.97 99.93 99.83 99.49 99.97 99.57 99.91 99.71 99.87 99.90 99.14 98.86 99.93 99.85 100.00 99.07 99.93 99.83 99.81 100.00 99.80 99.30 99.99 99.72 99.93 99.69 100.00 99.68 100.00 100.00 99.85 99.37 99.87 100.00 99.88 99.92 99.96 99.87 99.84 99.98 99.88 99.95 99.87
99.83 99.94 99.97 99.92 99.89 99.53 100.00 99.98 99.73 99.81 99.57 99.88 99.72 99.99 99.95 99.96 99.69 100.00 99.71 99.87 100.00 99.51 99.98 99.88 99.77 99.76 100.00 100.00 99.53 99.61 100.00 99.83 99.96 99.78 100.00 99.97 99.24 99.97 99.76 99.87 99.61 99.89 99.91 98.94 99.94 99.78 99.95 99.95 99.89 100.00 99.42 99.90 100.00 99.29 99.91 100.00 100.00 99.64 99.88 99.99 100.00 99.96 99.88 99.90 99.95 100.00 100.00 99.62 99.84 99.97 99.88 99.90 99.90 99.85 99.99 99.82
99.91 99.95 99.97 99.94 99.82 99.67 100.00 99.74 99.84 99.83 99.61 99.85 99.96 99.93 99.83 99.97 99.67 99.92 99.99 99.80 100.00 100.00 99.39 100.00 99.77 100.00 99.47 100.00 99.68 99.66 99.99 99.85 99.82 99.78 99.99 99.98 99.25 99.95 99.85 99.75 99.25 99.80 99.98 99.44 99.82 99.38 99.82 99.46 99.65 99.91 99.47 99.35 99.69 99.90 100.00 100.00 99.66 99.59 99.97 99.80 99.65 100.00 99.51 100.00 99.80 99.37 99.82 100.00 99.78 99.88 99.96 99.92 99.90 99.93 99.99 99.90
99.89 99.94 99.96 99.91 99.76 99.77 100.00 99.84 99.98 99.83 99.74 99.92 99.96 99.93 99.93 99.77 99.96 99.29 99.96 99.72 99.98 100.00 99.52 99.82 99.73 99.99 99.69 100.00 99.78 99.80 99.97 99.76 99.95 99.56 99.91 99.96 99.20 99.91 99.88 99.66 99.41 99.71 99.98 99.97 99.79 99.66 99.66 99.46 99.52 99.31 99.34 100.00 100.00 99.46 99.95 99.30 98.99 99.34 99.62 99.97 99.99 99.77 100.00 99.97 99.93 99.71 99.91 99.99 99.99 99.99 99.95 100.00 100.00 99.99 99.77 99.97
