Heavy_metals/usgrids5km/vsky.asc
NCOLS 940
NROWS 592
XLLCORNER -2405000.000000
YLLCORNER 260000.000000
CELLSIZE 5000.000000
NODATA_VALUE -99999.000000
[rows 238 to 271 of 592, columns 456 to 531 of 940]
100.00 99.99 100.00 100.00 100.00 100.00 100.00 99.97 99.95 99.97 99.91 99.83 99.96 99.90 99.94 99.90 99.90 100.00 99.96 99.81 99.88 100.00 99.98 99.91 99.97 100.00 99.71 99.71 99.94 100.00 99.92 99.94 100.00 100.00 99.70 99.98 99.95 100.00 100.00 99.78 100.00 99.78 99.99 100.00 99.99 99.83 99.90 99.84 99.92 99.87 100.00 99.92 99.84 99.96 99.99 99.99 99.93 99.97 99.95 99.95 99.95 99.98 99.95 99.95 99.91 99.98 99.95 99.99 99.94 99.77 99.96 99.97 99.93 99.98 100.00 99.98
100.00 99.99 99.98 99.99 99.95 99.97 99.96 100.00 100.00 99.94 99.97 99.83 99.71 99.89 99.89 99.89 99.87 99.91 99.95 99.79 99.93 99.99 99.73 99.98 99.89 100.00 99.72 99.75 99.85 100.00 99.95 99.94 99.79 100.00 99.84 99.88 99.97 100.00 99.97 99.82 100.00 99.79 99.98 99.88 99.96 99.99 100.00 99.77 99.97 99.96 99.98 100.00 99.99 99.99 99.90 99.99 99.98 99.99 99.93 99.81 99.97 99.92 99.94 99.97 99.85 99.95 99.98 99.99 99.72 99.93 99.97 99.97 99.99 99.73 99.87 99.93
99.94 99.97 99.98 99.98 100.00 99.98 99.98 100.00 99.97 99.83 99.87 99.93 99.92 99.88 99.91 99.83 99.87 99.93 99.88 99.78 100.00 100.00 99.89 99.95 99.79 99.93 99.93 99.74 99.85 100.00 99.93 99.92 99.98 100.00 99.87 99.89 99.99 99.98 99.81 99.93 100.00 99.78 99.90 99.88 99.99 99.99 99.88 99.90 100.00 99.93 99.98 100.00 99.95 99.98 99.95 99.75 99.97 99.94 99.95 99.97 99.88 99.93 99.83 99.88 99.93 99.93 99.94 100.00 99.93 99.89 99.99 99.98 99.96 99.83 99.93 99.89
100.00 99.92 99.81 99.99 99.99 99.89 99.99 100.00 99.95 99.96 99.85 99.97 99.87 99.95 99.94 99.94 99.92 99.91 99.87 99.77 99.92 100.00 99.94 100.00 99.97 99.98 99.86 99.72 100.00 99.89 100.00 99.94 100.00 99.91 99.66 99.94 100.00 99.89 99.73 99.97 100.00 99.75 99.96 99.96 100.00 99.99 99.74 100.00 100.00 99.92 99.96 100.00 100.00 99.96 99.96 99.98 99.96 99.99 99.93 99.92 99.96 99.93 99.81 99.96 99.92 99.97 99.96 99.94 99.91 99.93 99.98 99.98 99.82 99.96 99.97 99.94
99.98 99.97 99.99 99.99 99.88 99.97 100.00 99.90 99.90 99.87 99.85 99.90 99.93 99.92 99.92 99.93 99.96 99.85 99.89 99.80 99.93 99.97 99.91 99.91 99.92 99.97 99.86 99.77 99.93 99.90 99.99 99.77 100.00 99.71 99.97 100.00 100.00 99.95 99.90 99.99 100.00 99.85 99.95 100.00 99.89 99.86 99.98 99.97 99.97 99.88 99.98 99.96 100.00 99.93 99.90 99.89 99.83 99.97 99.93 99.97 99.95 99.91 99.96 99.97 99.93 99.95 99.92 99.94 99.95 99.94 99.92 99.97 99.93 99.95 99.88 99.96
99.95 99.97 99.94 100.00 99.99 99.97 99.98 99.99 99.96 99.78 99.91 99.81 99.94 99.83 99.89 99.86 99.96 99.94 99.84 99.90 99.85 100.00 99.66 99.84 99.96 99.80 99.92 99.77 99.82 99.92 100.00 99.84 99.99 99.84 99.96 99.97 99.98 99.83 99.97 100.00 100.00 99.92 99.98 99.79 99.95 99.97 99.97 99.82 99.98 100.00 99.99 99.96 99.99 100.00 99.93 99.92 99.83 99.92 99.93 99.96 99.97 99.93 99.87 99.98 99.93 99.91 99.85 99.87 99.95 99.98 99.95 99.99 99.94 99.92 99.97 99.96
99.87 99.87 99.92 99.89 99.93 99.86 99.91 99.96 99.90 99.84 99.78 99.89 99.84 99.91 99.95 99.97 99.85 99.89 99.85 99.99 99.88 99.97 99.86 99.99 99.94 99.87 99.96 99.84 99.71 99.79 100.00 99.96 99.73 99.96 100.00 99.92 99.96 99.57 99.94 99.97 99.93 99.80 99.91 99.99 99.93 99.98 99.74 100.00 99.97 99.99 99.90 99.96 99.97 100.00 99.93 99.93 99.93 99.86 99.95 99.96 99.98 99.99 99.99 99.93 99.88 99.94 99.94 99.94 99.95 100.00 99.95 99.99 99.99 99.99 99.97 99.98
99.97 99.97 99.96 99.97 99.93 99.88 99.92 99.96 99.99 99.92 99.90 99.79 99.91 99.86 99.94 99.84 99.83 99.82 99.93 99.98 99.95 99.95 100.00 100.00 100.00 100.00 99.98 99.82 99.74 100.00 100.00 99.87 99.70 99.99 100.00 99.96 99.97 99.65 100.00 99.97 100.00 99.88 99.82 99.87 99.91 99.96 100.00 100.00 100.00 99.99 99.92 99.96 100.00 99.98 99.98 99.98 99.92 99.80 99.94 99.91 99.93 99.99 99.99 99.98 99.96 100.00 100.00 100.00 99.97 99.96 99.92 99.92 99.93 99.96 99.99 99.95
99.99 99.99 99.98 99.97 99.96 99.92 99.83 99.96 99.93 99.84 99.90 99.85 99.87 99.84 99.85 99.83 99.84 99.89 100.00 100.00 99.97 99.98 100.00 99.98 100.00 100.00 100.00 99.94 99.58 99.88 100.00 99.87 99.75 99.99 100.00 99.92 99.99 99.93 100.00 99.98 100.00 99.79 99.95 99.88 99.97 100.00 99.98 100.00 99.98 100.00 99.98 99.94 99.95 99.87 100.00 99.94 99.94 99.88 99.76 99.95 99.93 99.83 100.00 100.00 100.00 99.99 99.94 100.00 99.99 100.00 99.99 100.00 99.97 99.95 99.95 99.90
99.95 99.98 99.99 99.99 100.00 99.99 99.97 99.99 99.94 99.89 99.78 99.87 99.81 99.83 99.83 99.85 99.99 99.80 100.00 99.95 99.88 99.95 99.88 99.67 99.77 99.87 99.95 99.79 99.67 100.00 100.00 99.89 99.93 99.99 99.96 99.99 99.71 100.00 100.00 99.95 100.00 99.86 99.98 99.87 99.99 99.98 100.00 99.93 100.00 100.00 99.99 99.85 99.95 99.94 100.00 100.00 99.99 99.93 99.90 99.81 99.90 99.99 100.00 99.98 99.96 100.00 99.99 99.99 99.93 99.98 100.00 99.91 99.98 99.89 99.97 99.99
99.98 99.95 99.86 99.96 99.99 99.99 99.97 99.96 99.96 99.80 99.83 99.85 99.81 99.79 99.92 99.85 99.99 100.00 100.00 100.00 100.00 99.98 100.00 99.99 99.90 99.73 99.84 99.92 99.72 99.82 100.00 99.81 99.85 99.96 99.96 99.94 99.86 99.98 99.97 99.99 100.00 99.80 99.97 99.90 99.97 99.94 99.98 100.00 99.94 99.97 100.00 99.94 99.95 99.99 99.98 100.00 99.97 99.99 99.95 99.92 99.76 99.98 100.00 100.00 99.82 100.00 99.97 100.00 99.97 99.98 99.98 99.91 99.90 99.95 99.99 99.86
99.82 99.92 99.93 99.90 99.82 100.00 99.99 99.97 99.98 99.88 99.91 99.88 99.87 99.87 99.97 99.95 99.96 99.96 99.91 99.95 99.98 99.99 99.97 99.98 99.90 99.83 99.88 99.76 99.75 99.93 100.00 99.94 99.90 99.96 99.92 99.83 99.95 100.00 99.97 99.95 100.00 99.70 99.75 99.99 99.95 99.99 99.96 99.92 99.96 100.00 100.00 99.87 99.91 99.90 100.00 100.00 99.99 100.00 99.90 99.95 99.68 99.98 99.98 99.93 99.88 99.94 99.94 100.00 100.00 99.98 99.95 99.93 99.98 99.99 100.00 99.94
99.99 99.98 99.99 99.98 99.99 99.91 99.99 99.99 99.95 99.97 99.87 99.89 99.90 99.82 99.97 100.00 100.00 99.94 99.84 99.81 99.79 99.99 99.97 99.91 99.99 99.98 99.87 99.68 99.79 99.64 99.99 99.98 99.95 99.74 99.91 99.87 100.00 100.00 99.77 99.97 100.00 99.62 99.94 100.00 99.93 99.99 100.00 99.85 99.98 99.98 99.99 99.88 99.92 99.97 99.99 99.94 99.92 100.00 99.93 99.83 99.72 99.93 99.96 99.99 99.86 99.87 99.97 99.93 100.00 100.00 100.00 100.00 100.00 100.00 99.98 99.98
99.99 99.96 99.95 99.96 99.98 99.95 99.94 99.91 99.80 99.97 99.97 99.98 99.94 99.75 99.98 100.00 99.89 99.75 99.86 99.86 99.85 99.85 99.87 99.99 99.82 99.99 99.96 99.88 99.78 99.72 100.00 99.90 99.89 99.98 100.00 100.00 99.96 100.00 99.92 99.97 100.00 99.62 99.90 99.98 99.91 99.94 99.88 99.99 99.98 99.95 99.95 99.96 99.90 99.96 99.98 99.93 99.99 99.99 99.98 100.00 99.85 99.77 99.91 99.98 99.97 99.79 99.83 99.98 99.99 100.00 99.95 100.00 99.93 100.00 99.97 99.97
100.00 99.98 99.98 99.93 99.87 99.93 99.97 99.97 99.79 99.96 99.98 99.94 99.76 99.84 99.91 99.93 100.00 99.96 99.98 99.96 99.96 99.91 99.70 99.99 99.85 99.99 100.00 99.91 99.77 99.77 99.91 99.74 99.91 99.95 99.99 100.00 99.94 99.99 99.91 100.00 100.00 99.65 99.83 100.00 99.90 99.95 99.98 99.99 99.93 99.99 99.85 99.95 99.95 99.92 99.97 99.74 99.94 99.99 99.90 99.99 99.97 99.82 99.92 99.87 99.97 99.90 99.93 100.00 100.00 99.92 99.97 100.00 99.93 100.00 100.00 100.00
99.98 99.97 99.96 99.98 99.94 99.95 99.92 99.96 99.88 99.92 99.82 99.79 99.85 99.99 99.87 99.98 100.00 99.96 99.87 99.96 99.83 99.90 99.76 99.87 99.82 99.96 99.98 99.99 99.93 99.81 99.77 100.00 100.00 99.93 100.00 99.90 100.00 99.94 99.93 99.84 100.00 99.67 99.94 100.00 99.84 99.88 100.00 99.99 99.98 99.96 99.92 99.94 99.95 99.94 99.90 99.99 99.99 99.97 99.95 99.97 99.93 99.80 99.95 99.98 99.83 99.86 99.96 100.00 100.00 99.89 99.97 99.98 99.99 99.89 99.99 100.00
99.95 99.93 99.92 99.95 100.00 100.00 99.98 99.86 99.94 99.94 99.99 99.99 100.00 99.99 99.98 100.00 99.92 99.99 99.97 99.83 99.92 99.86 99.85 99.84 99.75 99.84 99.99 100.00 99.89 99.79 99.79 99.99 99.89 99.99 100.00 99.80 99.97 99.80 100.00 99.95 99.98 99.75 99.96 100.00 99.78 99.98 100.00 100.00 99.93 99.91 99.89 99.95 99.94 99.92 99.83 99.99 99.99 99.84 99.99 99.99 99.90 99.69 99.84 99.99 99.93 99.76 99.99 99.98 99.97 100.00 99.89 100.00 99.95 99.93 100.00 99.83
99.97 99.98 100.00 99.98 99.82 99.99 99.97 99.88 99.94 99.85 99.99 99.94 100.00 100.00 100.00 99.90 99.98 99.96 99.99 99.95 99.88 99.86 99.89 99.86 99.84 99.74 99.84 99.96 99.95 99.79 99.83 99.76 99.95 100.00 99.97 99.74 99.96 99.87 100.00 99.87 99.98 99.89 99.91 100.00 99.84 99.87 100.00 99.96 99.93 99.95 99.97 99.96 99.90 99.81 100.00 100.00 100.00 99.97 99.92 99.99 99.98 99.83 99.86 99.99 99.91 99.74 99.92 100.00 99.98 99.95 99.81 99.99 99.93 99.84 100.00 99.95
99.96 100.00 100.00 99.96 99.98 99.87 99.95 99.92 99.86 99.83 99.93 100.00 99.96 99.97 99.94 99.92 99.81 99.83 99.70 99.94 99.97 99.97 99.89 99.85 99.93 99.78 99.69 99.82 99.97 99.95 99.81 99.74 99.99 100.00 100.00 99.87 99.80 100.00 100.00 99.95 99.66 99.88 99.97 100.00 99.88 99.98 100.00 99.85 99.88 99.84 99.96 99.88 99.94 99.89 99.99 99.96 99.98 99.95 99.89 99.97 99.96 99.93 99.80 99.99 99.98 99.87 99.97 100.00 99.94 99.96 99.97 100.00 99.94 99.81 100.00 100.00
99.98 99.97 99.97 99.95 99.98 99.90 99.91 99.89 99.86 99.83 99.92 99.99 99.99 100.00 100.00 99.97 99.96 99.91 99.98 99.88 99.83 99.96 99.98 99.97 99.98 99.98 99.96 99.72 99.89 100.00 99.95 99.75 99.91 99.98 99.97 99.76 100.00 99.98 99.99 99.95 99.78 99.99 99.96 100.00 99.83 99.97 100.00 99.93 99.94 99.76 99.96 99.94 99.96 99.72 99.94 99.97 100.00 99.89 99.98 99.99 99.91 99.92 99.72 99.95 99.98 99.76 99.97 99.99 99.85 99.99 99.88 99.99 99.90 99.91 100.00 99.99
99.95 99.95 99.97 99.90 99.88 99.81 99.93 99.88 99.93 99.89 99.82 99.93 99.94 99.98 99.94 100.00 100.00 99.95 99.95 99.86 99.87 99.80 99.92 99.99 100.00 99.93 99.98 99.97 99.76 99.80 99.95 99.79 99.70 100.00 100.00 99.96 99.97 99.92 99.99 100.00 99.64 99.95 100.00 100.00 99.81 99.95 100.00 99.91 99.89 99.76 99.98 99.79 99.91 99.95 100.00 99.95 100.00 99.90 99.95 99.98 99.97 99.89 99.70 99.97 99.97 99.94 99.96 100.00 100.00 99.95 99.98 99.99 99.96 99.93 100.00 100.00
99.95 99.96 99.97 99.98 99.98 99.94 99.97 99.99 99.97 99.95 99.90 99.84 99.94 99.80 100.00 99.97 100.00 99.86 99.98 100.00 99.98 99.90 99.78 99.91 99.99 99.91 99.86 99.99 99.92 99.95 99.64 99.74 99.73 99.97 100.00 99.83 99.99 99.85 100.00 100.00 99.61 99.90 100.00 99.94 99.89 99.85 99.97 99.92 99.93 99.79 99.92 99.86 99.89 99.88 99.90 100.00 99.97 99.80 99.92 100.00 99.97 99.91 99.77 99.92 99.95 99.97 99.89 99.99 100.00 99.79 99.99 99.91 99.98 99.99 99.91 99.95
99.82 99.96 99.95 99.95 99.99 99.95 99.94 99.94 99.96 99.91 99.88 99.87 99.84 99.90 99.91 99.92 100.00 99.96 99.95 99.97 99.95 99.87 99.83 99.87 99.94 99.98 99.94 99.95 99.97 99.98 99.89 99.95 99.84 99.64 99.95 100.00 99.96 99.95 99.99 100.00 99.73 99.95 99.98 100.00 99.93 100.00 99.89 99.98 99.94 99.91 99.87 99.92 99.90 99.93 99.99 100.00 99.97 99.85 99.95 100.00 99.99 99.95 99.84 99.86 99.93 99.93 99.92 99.90 100.00 99.97 99.96 99.94 99.90 99.97 99.97 99.96
99.93 99.95 99.80 99.76 100.00 99.98 99.94 99.96 99.93 100.00 100.00 99.99 99.95 99.78 99.82 99.96 100.00 99.99 99.92 99.92 99.92 99.94 99.86 99.73 99.92 99.92 99.99 99.93 99.87 99.99 99.99 100.00 100.00 99.78 99.76 100.00 99.95 99.99 99.95 100.00 99.89 99.88 99.96 100.00 99.93 99.99 99.92 99.98 99.93 99.80 99.85 99.82 99.78 99.89 99.99 99.98 99.92 99.79 99.80 100.00 99.97 99.86 99.94 99.79 99.94 99.87 99.98 100.00 99.98 99.87 99.99 99.92 99.93 99.89 99.99 99.92
99.98 99.97 99.95 99.98 99.72 99.98 100.00 100.00 100.00 99.98 100.00 99.98 99.99 99.91 99.88 99.99 99.97 99.95 100.00 99.99 99.93 99.84 99.93 99.60 99.91 99.85 99.98 99.98 99.95 99.86 99.98 99.99 99.99 99.94 99.73 99.80 99.93 99.91 99.93 100.00 99.72 99.94 99.86 99.98 99.98 99.99 99.97 100.00 99.99 99.78 99.93 99.94 99.86 99.95 99.98 99.89 99.96 99.83 99.90 100.00 100.00 99.93 99.86 99.75 99.95 99.83 99.96 99.96 100.00 99.82 99.99 99.94 99.91 99.86 99.94 99.99
99.98 99.99 99.98 99.99 99.88 99.84 99.94 99.95 99.97 99.93 99.97 99.96 99.92 99.85 99.86 99.95 99.95 99.85 99.97 99.98 99.88 99.91 99.91 99.93 99.89 99.79 99.82 99.91 99.96 99.88 99.86 99.86 99.95 100.00 99.88 99.83 99.83 99.77 99.97 100.00 99.90 99.94 99.92 99.94 99.87 99.99 99.80 99.96 99.96 99.80 99.98 100.00 99.93 99.92 99.96 99.91 99.89 99.83 99.91 99.95 100.00 100.00 99.95 99.91 99.88 99.82 99.98 99.89 100.00 99.89 100.00 99.93 99.82 99.94 99.88 100.00
99.94 99.85 99.93 99.91 99.84 99.90 99.79 100.00 99.97 99.92 99.93 99.99 99.84 99.93 99.95 99.91 99.86 99.93 99.99 99.98 99.87 99.91 99.86 99.96 99.92 99.83 99.86 99.70 99.87 99.81 99.93 99.92 99.86 99.99 99.98 99.79 99.85 99.78 99.87 100.00 99.83 99.91 99.87 99.97 99.86 100.00 99.76 100.00 100.00 99.99 100.00 99.96 99.82 99.86 99.66 99.95 99.85 99.93 99.91 99.91 99.99 100.00 99.98 99.99 99.99 99.81 99.96 99.96 99.95 99.95 100.00 99.94 99.93 99.91 99.97 99.99
99.83 99.91 99.79 99.80 99.91 99.81 99.90 99.69 100.00 100.00 99.92 99.79 100.00 99.99 99.94 99.83 99.94 99.92 100.00 100.00 99.90 99.93 99.81 99.91 99.84 99.77 99.91 99.77 99.89 99.80 99.64 99.78 99.90 99.80 99.95 99.81 99.85 99.76 100.00 100.00 99.80 99.81 99.87 99.99 99.96 100.00 99.95 99.97 100.00 100.00 100.00 99.93 100.00 99.96 99.98 99.82 99.77 99.82 99.80 99.96 99.93 99.99 100.00 99.90 99.92 99.84 99.84 99.97 99.98 99.97 99.98 99.99 99.79 99.94 99.99 99.99
99.96 100.00 99.99 100.00 100.00 99.99 99.94 99.86 99.86 100.00 99.99 99.97 99.99 100.00 99.94 99.82 99.94 99.85 100.00 99.98 99.85 99.82 99.81 99.92 99.78 99.89 99.94 99.96 99.82 99.97 99.87 99.84 99.81 99.93 99.79 99.86 99.86 99.75 99.90 99.99 100.00 99.92 99.80 99.95 99.97 99.75 100.00 100.00 99.99 100.00 100.00 99.98 99.98 99.91 99.98 99.86 99.84 99.98 99.78 99.82 99.83 99.73 100.00 99.89 99.77 99.78 99.87 99.92 99.96 99.88 100.00 99.90 99.75 99.97 99.98 100.00
100.00 100.00 99.98 99.94 100.00 99.97 99.93 99.86 99.83 99.89 99.95 99.82 99.80 99.97 99.73 99.93 99.91 99.96 100.00 99.99 99.85 99.82 99.73 99.82 99.78 99.96 100.00 100.00 99.91 99.83 99.87 99.95 99.74 99.92 99.92 99.82 99.99 99.78 99.72 99.93 100.00 99.91 99.94 100.00 100.00 99.93 100.00 100.00 100.00 99.87 100.00 99.94 99.96 99.87 99.97 99.72 99.97 99.99 99.92 99.92 99.78 99.88 100.00 99.99 99.94 99.83 99.87 99.98 99.97 99.90 99.99 99.98 99.94 99.99 99.94 99.96
99.95 99.92 99.96 99.87 99.92 99.93 99.97 99.91 99.85 99.69 99.98 100.00 99.84 99.88 99.75 99.97 99.99 99.93 99.98 99.99 99.90 99.98 99.95 99.93 99.71 99.80 99.84 100.00 99.98 99.95 99.88 99.86 99.78 99.99 99.96 99.99 99.93 99.99 99.79 99.68 99.94 99.99 99.82 99.82 99.98 99.95 100.00 99.77 100.00 100.00 100.00 99.94 99.87 99.84 99.93 99.83 100.00 99.99 99.95 99.91 99.83 99.81 99.90 100.00 99.99 99.87 99.79 99.95 99.95 99.90 99.95 99.94 99.96 99.94 99.93 99.93
99.93 99.82 99.83 99.83 99.87 99.91 99.94 99.91 99.91 99.94 99.85 100.00 99.96 99.88 99.88 99.96 100.00 99.96 99.97 100.00 99.93 99.96 99.89 99.81 99.77 99.85 100.00 100.00 99.98 99.94 99.91 99.80 99.93 99.98 99.99 99.99 99.84 99.99 99.93 99.94 99.81 99.81 99.82 99.57 99.91 99.89 99.98 99.83 99.99 100.00 99.94 100.00 99.94 99.99 99.76 99.96 100.00 99.97 99.92 99.83 99.83 99.78 99.68 100.00 99.98 99.95 99.99 99.97 99.92 99.99 99.94 99.96 99.94 99.98 99.98 99.92
99.97 99.85 99.98 99.98 99.85 99.87 99.87 99.84 99.96 99.86 99.85 100.00 99.99 99.82 99.80 99.84 99.99 99.82 99.98 99.96 99.93 99.94 99.96 99.86 99.88 99.93 100.00 99.96 100.00 99.86 99.90 99.96 99.97 99.93 99.92 99.85 99.99 99.99 99.81 99.91 99.98 100.00 99.96 99.79 100.00 100.00 99.72 99.99 99.96 99.90 99.98 100.00 99.98 100.00 99.90 99.99 100.00 99.96 99.99 99.91 99.95 99.85 99.79 99.71 99.84 99.75 99.99 100.00 99.92 99.99 99.93 99.98 99.90 99.98 99.97 99.98
100.00 100.00 100.00 99.98 100.00 99.93 99.92 99.91 99.98 99.82 99.74 99.90 99.97 99.79 100.00 100.00 99.94 99.82 99.96 99.97 99.87 99.95 100.00 99.95 99.82 99.93 100.00 99.97 99.99 99.91 99.97 99.99 99.90 99.90 99.95 99.88 99.73 99.84 99.83 100.00 100.00 99.89 99.91 99.61 99.92 99.96 99.77 99.98 99.79 99.94 100.00 100.00 100.00 99.92 99.99 99.99 99.93 100.00 99.98 100.00 99.97 99.99 99.98 99.97 99.96 99.77 99.85 99.91 99.89 99.85 99.96 99.94 99.92 99.95 99.89 99.97
