Heavy_metals/usgrids5km/vsky.asc
NCOLS 940
NROWS 592
XLLCORNER -2405000.000000
YLLCORNER 260000.000000
CELLSIZE 5000.000000
NODATA_VALUE -99999.000000
[rows 544 to 577 of 592, columns 836 to 911 of 940]
99.10 99.26 99.15 99.16 98.98 98.86 98.76 98.42 97.92 97.80 98.04 98.29 98.37 97.16 94.89 94.53 96.39 97.37 96.91 95.59 96.25 98.67 99.34 99.47 100.00 98.95 93.15 93.85 96.16 96.41 96.76 96.67 95.84 94.84 94.07 93.34 92.44 92.97 94.17 94.87 95.39 96.49 97.56 98.29 98.71 99.05 99.36 99.60 99.84 99.98 100.00 99.79 99.15 98.76 99.04 99.83 99.99 99.92 99.87 99.79 99.95 100.00 99.99 100.00 99.99 99.94 99.98 100.00 99.80 100.00 99.93 99.75 100.00 99.90 99.99 99.90
99.09 99.16 99.26 99.22 98.87 99.06 98.95 97.43 97.36 97.68 98.54 98.27 97.13 96.05 95.34 94.73 95.56 97.10 97.20 97.53 96.30 97.81 95.56 93.85 96.35 98.38 95.17 93.45 96.34 96.63 96.05 94.04 94.00 93.98 93.57 90.46 93.16 95.11 90.07 93.20 93.81 95.01 96.14 97.03 97.69 98.17 98.81 99.19 99.49 99.68 99.87 99.85 99.43 98.93 98.73 99.54 100.00 99.91 99.80 99.84 99.82 99.91 99.95 99.97 99.98 99.98 99.99 99.89 99.82 100.00 100.00 99.87 99.92 99.99 100.00 99.98
98.83 99.22 99.24 99.29 99.33 99.17 99.21 98.59 97.98 98.13 98.62 98.85 98.10 95.94 95.47 94.67 95.04 96.35 97.63 98.14 97.91 98.92 97.90 96.83 94.75 94.47 95.57 94.06 95.75 96.27 93.89 98.05 95.10 88.26 93.14 93.86 98.74 97.74 94.31 91.48 92.69 93.55 94.45 95.44 96.32 96.93 97.45 98.43 98.98 99.13 99.44 99.62 99.73 99.73 99.47 99.73 99.98 99.95 99.76 99.88 99.77 99.86 99.94 99.85 100.00 100.00 100.00 99.87 99.79 99.97 100.00 99.95 99.88 99.90 99.92 99.90
99.12 99.23 99.20 99.15 99.11 99.03 99.02 99.29 99.66 99.87 99.78 99.44 99.11 97.84 96.68 96.59 95.27 96.00 97.36 97.49 98.71 98.68 99.27 98.93 99.17 95.45 96.33 93.03 95.52 94.96 94.32 97.54 99.38 94.15 97.34 98.81 100.00 96.64 96.85 92.50 91.18 92.03 92.74 93.71 94.82 95.61 96.27 97.18 97.93 98.47 98.89 99.20 99.56 99.79 99.94 99.92 99.69 99.94 99.89 99.86 99.92 99.81 99.69 99.84 100.00 99.99 99.92 99.94 99.83 99.95 100.00 99.98 99.94 99.90 99.92 99.92
98.96 98.98 98.98 99.03 99.35 99.77 99.90 99.94 100.00 100.00 100.00 99.99 99.90 99.90 98.20 96.79 95.79 95.98 96.76 96.87 96.38 97.64 99.38 100.00 99.45 97.25 97.28 92.00 98.77 96.14 95.11 98.46 100.00 99.51 99.98 99.98 99.18 96.51 93.40 90.48 90.17 90.97 91.08 92.14 92.83 93.77 94.62 95.49 96.40 97.22 97.94 98.43 98.80 99.23 99.78 99.96 100.00 99.99 99.88 99.89 99.92 99.76 99.70 99.89 99.99 100.00 100.00 99.94 99.89 99.97 99.96 99.91 99.94 99.92 99.93 99.89
99.56 99.56 99.76 99.97 99.92 99.99 100.00 100.00 100.00 100.00 100.00 100.00 100.00 100.00 98.87 97.13 96.44 96.42 96.83 97.25 95.21 94.36 98.08 99.93 98.14 96.44 95.46 92.66 97.05 94.75 98.64 99.88 100.00 100.00 100.00 100.00 98.91 97.24 94.43 91.25 89.30 90.18 92.33 91.45 90.66 91.81 92.60 93.54 94.60 95.73 96.73 97.51 98.21 98.67 99.14 99.55 99.78 99.88 99.88 99.87 99.85 99.85 99.89 99.90 99.90 99.86 100.00 99.98 100.00 99.84 99.86 99.81 99.90 99.82 99.78 99.86
99.98 99.98 100.00 100.00 100.00 100.00 100.00 100.00 100.00 100.00 100.00 99.99 99.99 100.00 100.00 98.33 96.42 95.65 96.99 98.08 97.64 96.12 98.03 99.06 96.23 97.04 95.05 92.88 94.11 92.02 98.22 100.00 100.00 100.00 100.00 100.00 99.81 99.09 98.94 98.11 96.12 96.01 96.41 93.02 89.96 90.47 90.62 91.58 92.81 94.07 95.31 96.48 97.47 98.23 98.83 99.28 99.63 99.85 99.31 99.37 99.90 99.95 99.95 99.93 99.78 99.69 99.74 99.92 100.00 100.00 99.87 99.88 99.83 99.78 99.59 99.78
100.00 100.00 100.00 100.00 100.00 100.00 100.00 100.00 100.00 100.00 100.00 99.98 99.89 100.00 100.00 99.75 98.75 96.83 96.10 98.18 98.48 98.07 97.38 96.71 95.47 96.50 94.85 93.45 95.42 95.48 99.48 99.73 100.00 100.00 99.99 100.00 100.00 99.97 99.77 98.96 99.41 99.53 99.79 97.05 92.36 89.27 87.81 88.03 89.67 92.45 93.81 95.15 96.39 97.47 98.37 99.06 99.54 99.74 99.37 99.28 99.71 99.90 99.80 99.99 99.99 99.75 99.62 99.92 99.94 99.89 99.88 99.99 99.89 99.85 99.83 99.74
100.00 100.00 100.00 100.00 100.00 100.00 100.00 100.00 100.00 100.00 100.00 100.00 99.93 99.94 100.00 100.00 100.00 98.70 96.67 98.16 98.54 98.73 97.45 95.24 94.12 95.69 95.46 94.63 94.72 96.22 100.00 99.14 100.00 100.00 100.00 100.00 100.00 100.00 100.00 100.00 99.95 100.00 99.88 98.83 97.98 94.45 92.41 93.74 98.59 91.08 92.89 93.74 95.19 96.53 97.68 98.54 99.08 99.53 99.63 99.74 99.82 99.81 99.65 99.82 99.57 99.31 99.71 99.95 100.00 99.97 99.89 100.00 99.99 99.76 99.88 99.87
100.00 100.00 100.00 100.00 100.00 100.00 100.00 100.00 100.00 100.00 100.00 100.00 99.97 99.92 100.00 100.00 98.43 94.75 95.74 97.71 98.05 97.68 96.56 96.59 96.29 96.34 96.28 96.00 95.11 95.84 98.61 99.63 100.00 100.00 100.00 100.00 100.00 100.00 100.00 100.00 100.00 100.00 100.00 99.97 99.50 98.73 99.37 98.97 98.17 94.01 93.19 93.15 94.07 95.72 97.08 98.06 98.64 99.12 99.50 99.70 99.67 99.80 99.80 99.61 99.59 99.50 99.77 99.96 99.90 99.86 99.87 99.86 99.94 99.94 99.96 99.86
100.00 100.00 100.00 100.00 100.00 100.00 100.00 100.00 100.00 100.00 100.00 100.00 100.00 99.99 100.00 99.23 97.29 94.09 96.79 97.52 96.97 95.82 96.99 97.47 97.17 97.20 96.63 96.27 94.92 96.18 98.39 99.61 100.00 100.00 100.00 100.00 100.00 100.00 100.00 100.00 100.00 100.00 100.00 100.00 100.00 100.00 99.90 99.61 98.66 95.96 94.18 93.58 95.13 95.02 96.39 97.47 98.16 98.57 98.82 99.08 99.35 99.75 99.88 99.65 99.46 99.79 99.69 99.92 99.87 99.88 99.96 99.72 99.80 99.96 99.93 99.82
100.00 100.00 100.00 100.00 100.00 99.86 99.97 99.97 100.00 100.00 100.00 100.00 100.00 100.00 98.96 97.37 95.33 96.93 97.92 97.90 96.83 97.35 97.95 97.10 97.14 97.15 96.74 96.82 94.26 96.71 98.64 99.91 100.00 100.00 100.00 100.00 100.00 100.00 100.00 100.00 100.00 100.00 100.00 100.00 100.00 99.99 100.00 100.00 99.86 96.61 93.55 92.64 94.44 96.65 96.77 96.84 97.53 97.91 98.20 98.37 98.51 98.96 99.51 99.51 99.44 100.00 100.00 99.97 99.82 99.57 99.89 99.86 99.84 99.90 99.89 99.66
100.00 100.00 100.00 100.00 100.00 99.63 96.80 98.68 98.71 99.51 99.98 99.53 99.53 98.69 97.54 96.45 95.87 97.25 97.78 96.67 96.25 97.62 97.50 97.39 96.97 96.66 96.71 96.62 95.88 98.48 99.66 100.00 100.00 100.00 100.00 100.00 100.00 100.00 100.00 100.00 100.00 100.00 100.00 100.00 100.00 100.00 100.00 100.00 99.38 97.72 93.81 91.75 92.06 96.04 96.86 96.62 96.65 97.03 97.16 97.40 97.65 97.87 98.25 98.91 99.44 99.88 99.90 99.77 99.93 99.95 99.98 99.99 99.74 99.73 99.71 99.82
100.00 100.00 100.00 100.00 100.00 99.94 98.38 99.51 99.49 99.37 99.27 98.48 97.86 95.98 95.61 96.02 95.92 95.60 95.74 96.42 95.92 97.40 98.50 97.76 96.65 96.51 96.19 95.76 97.80 99.98 100.00 100.00 100.00 100.00 100.00 100.00 100.00 100.00 100.00 100.00 100.00 100.00 100.00 100.00 100.00 100.00 100.00 100.00 99.91 98.29 93.65 92.36 91.89 94.73 95.46 95.94 96.77 96.26 95.81 95.77 96.23 96.78 97.19 97.88 98.64 99.12 98.87 98.63 99.87 99.95 99.92 99.90 99.76 99.66 99.82 99.84
100.00 100.00 100.00 100.00 100.00 100.00 99.81 98.48 99.30 98.14 96.97 95.49 93.07 94.10 95.20 95.74 95.86 96.31 96.53 96.81 97.03 96.76 98.42 98.39 96.17 96.85 97.52 97.95 99.78 100.00 100.00 100.00 100.00 100.00 100.00 100.00 100.00 100.00 100.00 100.00 100.00 100.00 100.00 100.00 100.00 100.00 100.00 100.00 98.64 97.47 93.62 93.47 93.72 94.81 95.18 94.32 94.76 94.51 94.92 94.32 94.60 95.30 96.02 96.78 97.50 98.46 98.75 98.98 99.48 99.61 99.65 99.68 99.92 99.88 99.91 99.89
100.00 100.00 100.00 100.00 100.00 100.00 100.00 99.77 98.20 97.36 95.76 94.37 93.33 94.83 96.51 97.09 95.77 96.89 97.46 97.28 96.69 96.64 97.61 97.01 95.48 97.48 99.35 100.00 100.00 100.00 100.00 100.00 100.00 100.00 100.00 100.00 100.00 100.00 100.00 100.00 100.00 100.00 100.00 100.00 100.00 100.00 100.00 100.00 99.12 98.09 94.77 94.30 94.24 94.92 94.77 94.59 94.81 93.24 92.45 93.25 93.67 94.06 94.58 95.56 96.58 97.50 98.26 98.95 99.23 99.67 99.71 99.19 99.48 99.96 99.97 99.86
100.00 100.00 100.00 100.00 100.00 100.00 100.00 100.00 99.84 97.12 95.31 93.82 95.27 96.47 97.67 97.84 95.96 95.79 97.08 96.40 96.36 97.13 98.25 97.56 99.82 100.00 100.00 100.00 100.00 100.00 100.00 100.00 100.00 100.00 100.00 100.00 100.00 99.98 99.97 99.99 100.00 100.00 100.00 100.00 100.00 100.00 100.00 100.00 99.90 98.58 95.53 94.12 93.10 93.82 93.89 94.63 95.63 94.64 92.58 91.97 91.76 94.87 93.68 94.39 95.50 96.64 97.58 98.51 99.27 99.54 99.44 99.02 99.18 99.91 99.74 99.62
100.00 100.00 100.00 100.00 100.00 100.00 99.99 99.99 100.00 99.12 96.85 95.20 96.10 96.99 97.36 96.69 95.86 95.77 94.50 97.30 97.75 98.92 99.98 100.00 100.00 100.00 100.00 100.00 100.00 100.00 100.00 100.00 100.00 100.00 100.00 99.84 99.34 99.07 99.26 99.12 99.14 99.98 99.72 99.77 100.00 99.99 99.99 100.00 99.95 97.87 94.26 92.82 92.23 93.14 93.38 94.70 96.17 96.11 96.10 94.87 95.19 96.14 93.70 93.98 94.55 95.67 96.90 97.91 98.76 99.23 99.36 99.09 99.01 99.27 99.58 99.58
100.00 100.00 100.00 100.00 100.00 99.99 100.00 99.99 99.98 99.99 98.72 96.80 96.22 96.07 95.89 95.76 95.36 96.10 96.37 99.68 99.67 100.00 100.00 100.00 100.00 100.00 100.00 100.00 100.00 100.00 100.00 100.00 100.00 100.00 100.00 99.15 97.56 98.14 98.76 98.72 98.52 98.74 98.75 98.45 99.88 99.99 99.96 100.00 99.32 96.25 92.44 91.95 92.48 93.23 94.32 95.78 97.58 98.67 99.82 98.44 99.57 96.38 92.84 93.93 93.86 94.74 95.91 96.94 97.79 98.73 99.16 99.17 99.13 99.16 99.45 99.51
100.00 100.00 100.00 100.00 100.00 100.00 99.99 100.00 100.00 100.00 99.84 98.51 96.08 95.85 95.57 95.21 95.42 96.70 98.56 99.95 100.00 100.00 100.00 99.97 99.99 99.99 100.00 100.00 100.00 100.00 100.00 100.00 100.00 100.00 100.00 98.58 96.66 96.73 97.17 97.72 97.54 97.29 98.29 99.27 99.56 100.00 100.00 100.00 99.16 96.25 91.63 90.52 91.50 94.39 95.57 97.11 98.50 100.00 100.00 99.96 99.72 96.39 90.67 92.45 92.82 94.01 95.24 96.21 96.97 97.89 98.57 98.67 98.99 99.25 99.21 99.50
100.00 100.00 100.00 100.00 100.00 99.99 100.00 100.00 99.99 100.00 100.00 99.98 97.86 96.55 95.92 95.24 96.08 96.25 96.21 98.25 99.99 99.99 99.99 99.99 100.00 100.00 100.00 100.00 100.00 100.00 100.00 100.00 100.00 100.00 100.00 98.76 94.84 96.38 96.71 97.12 97.38 96.85 97.50 98.74 99.29 98.71 99.24 100.00 99.95 98.77 90.98 90.18 94.54 97.33 97.99 98.93 99.11 100.00 100.00 100.00 99.76 97.59 92.03 90.62 92.14 93.16 94.92 96.01 96.82 97.30 97.85 98.21 98.76 99.26 99.30 99.22
100.00 100.00 100.00 100.00 100.00 99.99 100.00 99.96 99.98 100.00 100.00 99.97 99.22 96.11 96.87 96.05 96.22 97.04 96.68 97.14 99.03 100.00 100.00 100.00 100.00 100.00 100.00 100.00 100.00 100.00 100.00 100.00 100.00 100.00 100.00 98.95 95.90 96.34 96.84 97.00 97.46 97.60 97.28 97.66 97.80 97.30 97.61 99.01 100.00 100.00 98.44 96.86 99.35 99.89 100.00 100.00 100.00 100.00 100.00 100.00 100.00 99.43 95.75 90.23 91.07 93.09 94.33 95.50 96.49 97.26 97.31 98.06 98.48 98.98 99.18 99.12
100.00 100.00 100.00 100.00 100.00 99.99 99.99 100.00 99.98 99.97 100.00 99.98 99.94 99.02 96.02 95.07 95.63 95.68 97.14 96.50 98.42 99.63 100.00 100.00 100.00 100.00 100.00 100.00 100.00 100.00 100.00 100.00 100.00 100.00 100.00 99.79 97.44 96.80 97.03 97.09 97.36 97.59 97.93 97.43 97.46 96.59 96.39 96.20 98.89 100.00 99.89 99.50 98.64 99.70 100.00 100.00 99.95 99.98 100.00 100.00 100.00 99.94 98.94 95.54 92.81 91.55 92.56 95.45 95.69 96.74 97.33 97.82 97.98 98.58 98.84 98.81
100.00 100.00 100.00 100.00 100.00 100.00 99.98 99.99 100.00 99.98 99.99 99.99 99.98 99.25 97.72 94.51 95.47 95.84 96.44 96.75 96.65 97.44 99.98 100.00 100.00 100.00 100.00 100.00 100.00 100.00 100.00 100.00 100.00 100.00 100.00 99.97 98.09 97.88 97.47 97.60 97.46 97.52 97.67 97.85 97.90 98.01 98.40 97.81 94.50 96.94 97.06 97.08 97.24 98.79 98.49 99.38 98.38 99.50 100.00 100.00 100.00 100.00 99.92 99.53 99.33 95.97 93.70 92.77 94.41 95.56 96.47 97.11 97.89 98.59 98.81 98.86
100.00 100.00 100.00 100.00 100.00 100.00 99.99 99.98 100.00 100.00 100.00 99.98 100.00 99.79 99.35 97.56 94.60 95.65 96.51 96.51 96.49 96.95 98.04 100.00 100.00 100.00 100.00 100.00 100.00 100.00 100.00 100.00 100.00 100.00 100.00 100.00 98.63 99.32 98.00 97.73 97.90 97.55 97.81 97.99 97.95 97.95 98.25 98.29 97.17 96.27 97.62 98.16 98.41 98.55 98.56 98.49 97.55 98.72 99.42 99.93 100.00 100.00 100.00 99.89 99.42 99.34 97.73 93.19 91.60 94.45 95.45 96.27 97.60 98.17 98.26 98.36
100.00 100.00 100.00 100.00 100.00 100.00 99.98 99.99 100.00 100.00 100.00 99.99 100.00 100.00 99.95 99.00 98.38 96.06 94.87 95.79 96.60 96.83 96.69 98.89 99.97 100.00 100.00 100.00 100.00 100.00 100.00 100.00 100.00 100.00 100.00 100.00 99.68 99.94 98.97 97.65 97.35 97.61 97.62 97.91 98.11 98.13 98.22 98.23 98.01 98.07 98.60 98.88 98.88 98.57 98.69 98.81 98.28 97.35 96.34 97.26 99.52 100.00 100.00 100.00 100.00 99.92 99.50 98.68 92.96 92.02 94.95 96.12 96.93 97.61 97.86 97.43
100.00 100.00 100.00 100.00 100.00 99.99 99.99 100.00 100.00 100.00 99.98 99.99 100.00 100.00 100.00 99.93 99.40 99.61 97.46 95.71 96.27 96.47 97.44 95.96 98.53 99.85 100.00 100.00 100.00 100.00 100.00 100.00 100.00 100.00 100.00 100.00 100.00 99.01 99.86 99.13 97.97 97.23 97.23 97.67 98.14 98.32 98.29 98.33 98.56 98.79 98.91 99.09 98.96 98.56 98.89 99.12 98.76 97.95 97.49 97.24 96.90 99.35 99.96 100.00 100.00 100.00 100.00 99.44 97.69 94.36 95.35 95.58 96.16 96.93 97.08 97.10
100.00 100.00 100.00 100.00 99.99 99.99 100.00 99.99 100.00 100.00 99.99 99.99 99.99 100.00 100.00 99.99 99.99 99.60 99.36 95.30 95.95 96.60 97.08 97.66 96.66 98.25 99.65 100.00 100.00 100.00 100.00 100.00 100.00 100.00 100.00 100.00 100.00 99.96 98.71 99.81 99.46 98.65 97.06 97.27 98.16 98.54 98.51 98.50 98.77 98.98 99.08 99.27 99.16 98.95 99.02 99.02 98.80 98.45 98.42 98.75 98.10 97.31 98.70 99.88 100.00 99.92 100.00 100.00 99.52 99.98 95.19 92.80 94.86 95.97 96.36 96.47
100.00 100.00 100.00 99.99 99.99 100.00 100.00 100.00 99.99 100.00 99.99 100.00 100.00 99.98 99.99 100.00 100.00 100.00 99.50 95.53 95.57 96.48 96.90 97.20 97.69 97.09 96.96 99.69 100.00 100.00 100.00 100.00 100.00 100.00 100.00 100.00 100.00 100.00 99.86 99.02 99.49 99.48 98.52 97.32 97.99 98.45 98.43 98.41 98.69 98.95 99.14 99.39 99.43 99.32 99.23 99.08 98.90 99.01 99.02 99.24 99.20 98.53 97.50 99.65 100.00 100.00 100.00 99.99 99.98 99.75 97.58 93.13 92.95 95.43 95.82 96.11
100.00 100.00 99.99 99.99 99.99 100.00 100.00 100.00 100.00 100.00 100.00 100.00 100.00 99.99 100.00 100.00 99.99 100.00 99.85 98.69 95.32 96.45 96.85 97.20 97.62 97.46 95.93 97.40 99.93 100.00 100.00 100.00 100.00 100.00 100.00 100.00 100.00 100.00 100.00 99.98 100.00 99.77 98.99 98.53 97.98 98.12 98.00 97.94 98.31 98.75 99.04 99.30 99.45 99.46 99.38 99.19 98.97 99.17 99.31 99.30 99.35 99.22 98.99 99.07 100.00 100.00 99.52 99.95 99.97 98.65 98.76 98.67 95.07 94.82 95.41 95.94
100.00 99.99 100.00 100.00 100.00 100.00 100.00 99.99 99.99 100.00 99.99 99.99 99.98 99.98 100.00 99.99 100.00 100.00 99.91 96.90 95.20 96.39 96.86 97.27 97.54 97.63 97.10 96.25 98.72 100.00 100.00 100.00 100.00 100.00 100.00 100.00 100.00 100.00 100.00 100.00 100.00 100.00 99.94 99.06 98.52 97.71 96.94 97.49 97.63 98.14 98.75 99.07 99.24 99.26 99.23 99.12 99.17 99.06 98.98 99.08 99.04 98.88 98.92 99.92 99.48 99.98 99.47 96.73 95.28 96.78 97.99 99.66 98.02 95.56 94.62 95.20
100.00 100.00 99.99 100.00 100.00 100.00 99.99 100.00 100.00 100.00 99.99 99.99 100.00 100.00 100.00 100.00 99.99 100.00 99.96 99.09 97.84 96.63 97.20 97.37 97.54 97.62 97.60 96.60 97.79 99.87 100.00 100.00 100.00 100.00 100.00 100.00 100.00 100.00 100.00 100.00 100.00 100.00 100.00 99.96 99.15 97.66 96.14 97.17 97.03 97.57 98.32 98.74 98.95 99.08 99.10 99.04 99.02 99.00 98.81 98.81 98.72 98.45 97.95 97.53 97.42 98.98 96.63 95.06 96.92 97.40 97.03 99.59 99.63 97.16 94.81 94.23
100.00 100.00 99.99 100.00 99.99 100.00 100.00 100.00 100.00 100.00 100.00 99.99 100.00 99.99 100.00 99.99 100.00 99.99 100.00 99.23 99.32 97.48 97.56 97.54 97.46 97.60 97.75 97.41 96.96 98.99 100.00 100.00 100.00 100.00 100.00 100.00 100.00 100.00 100.00 100.00 100.00 100.00 100.00 100.00 100.00 99.14 97.62 96.94 97.02 97.33 97.90 98.30 98.53 98.75 98.85 98.84 98.80 98.77 98.77 98.70 98.41 98.00 97.57 96.66 95.18 98.21 96.07 96.73 97.44 97.42 96.21 96.11 98.85 99.37 99.10 96.17
100.00 100.00 100.00 99.99 99.99 99.99 100.00 100.00 100.00 100.00 100.00 99.99 100.00 99.99 100.00 99.99 99.97 99.98 100.00 99.91 99.20 98.62 97.71 97.72 97.61 97.49 97.59 97.87 98.21 98.50 99.99 100.00 100.00 100.00 100.00 100.00 100.00 100.00 100.00 100.00 100.00 100.00 100.00 100.00 100.00 100.00 99.02 97.32 96.94 97.32 97.43 97.66 97.89 98.22 98.43 98.56 98.52 98.62 98.53 98.44 98.31 98.14 97.97 97.90 97.75 97.36 96.96 96.71 96.70 96.55 95.90 96.72 97.28 99.98 100.00 98.83
