Heavy_metals/usgrids5km/vsky.asc
NCOLS 940
NROWS 592
XLLCORNER -2405000.000000
YLLCORNER 260000.000000
CELLSIZE 5000.000000
NODATA_VALUE -99999.000000
[rows 340 to 373 of 592, columns 532 to 607 of 940]
99.70 99.75 99.59 99.93 100.00 99.93 99.97 99.74 99.92 99.75 99.80 99.99 100.00 99.79 99.57 99.90 99.77 99.96 99.90 99.96 99.99 99.97 99.96 99.92 99.96 99.99 99.89 99.69 99.89 99.93 99.82 99.87 99.86 99.82 99.74 99.91 99.96 99.91 99.91 99.91 99.77 99.95 99.93 99.85 99.89 99.90 99.92 99.93 99.95 99.97 99.98 99.99 99.97 99.98 100.00 99.93 99.98 99.95 99.99 99.98 99.98 100.00 100.00 99.95 99.99 99.99 99.98 99.94 99.89 99.99 99.97 99.93 100.00 99.98 99.98 99.91
99.73 99.43 99.75 100.00 100.00 99.80 99.70 99.91 99.82 99.92 99.93 99.95 99.73 99.91 99.80 99.81 99.90 99.98 99.87 100.00 100.00 99.86 99.94 99.91 99.80 99.96 99.96 99.86 99.87 99.96 99.92 99.84 99.83 99.80 99.61 100.00 99.91 99.84 99.75 99.92 99.77 99.93 99.85 99.87 99.89 99.91 99.94 99.95 99.96 99.97 99.98 99.98 99.92 99.99 100.00 99.93 99.97 99.98 99.98 99.98 99.99 100.00 100.00 99.98 99.97 99.97 99.98 99.94 99.98 99.95 99.99 99.98 99.99 100.00 99.90 99.98
99.55 99.83 100.00 99.93 99.77 99.94 99.77 99.93 99.77 99.73 99.81 100.00 99.60 99.78 99.74 99.80 99.98 99.94 99.82 99.99 99.96 99.89 99.93 99.89 99.75 99.90 99.88 99.89 99.65 99.86 100.00 99.97 99.77 99.81 99.64 99.85 99.94 99.90 99.85 99.94 99.88 99.91 99.88 99.89 99.91 99.93 99.95 99.96 99.96 99.92 99.94 99.94 99.97 99.97 99.94 99.96 99.97 99.98 99.97 99.98 100.00 99.98 100.00 99.93 99.99 99.99 99.97 99.89 99.89 99.99 100.00 99.89 99.92 99.86 99.94 99.90
99.67 99.57 99.77 99.78 99.77 99.93 99.66 99.94 99.86 99.77 99.74 100.00 99.74 99.94 99.93 99.40 99.91 99.87 99.87 99.90 99.94 99.90 99.81 99.95 99.89 99.82 99.90 99.88 99.64 99.93 100.00 99.96 99.92 99.79 99.61 99.89 99.92 99.91 99.88 99.95 99.96 99.87 99.89 99.92 99.94 99.95 99.97 99.97 99.94 99.95 99.93 100.00 99.98 99.93 99.96 99.98 99.97 99.98 99.97 99.97 100.00 100.00 99.99 100.00 99.98 99.99 99.89 99.95 100.00 99.94 100.00 99.93 99.89 99.88 99.95 99.94
99.75 99.64 99.51 99.62 99.50 99.69 99.72 99.78 99.84 99.77 99.93 100.00 99.96 99.91 99.97 99.79 99.90 99.92 99.97 99.84 99.96 99.80 99.81 99.93 99.96 99.80 99.85 99.73 99.63 99.77 99.99 99.90 99.90 99.91 99.82 99.77 99.95 99.90 99.76 99.95 99.96 99.88 99.91 99.94 99.95 99.96 99.96 99.97 99.92 99.99 100.00 100.00 99.86 99.95 99.98 99.98 99.97 99.98 99.99 99.98 99.99 100.00 99.99 99.99 99.93 99.97 99.84 100.00 100.00 100.00 100.00 99.90 99.89 99.99 100.00 99.96
99.70 99.68 99.87 99.78 99.59 99.95 99.77 99.61 99.60 99.77 99.97 99.82 99.96 99.76 99.68 99.95 99.67 99.75 99.65 99.92 100.00 99.96 99.92 99.85 99.91 99.87 99.84 99.80 99.64 99.82 100.00 99.97 99.83 99.90 99.89 99.65 99.90 99.89 99.89 99.96 99.89 99.90 99.93 99.95 99.95 99.96 99.96 99.95 99.94 99.91 100.00 99.92 99.89 99.97 99.97 99.97 99.98 99.98 99.99 99.98 99.98 100.00 99.97 99.99 99.98 99.94 99.96 99.99 100.00 99.88 99.94 99.88 99.93 99.90 99.94 99.97
99.58 99.91 99.83 99.73 99.62 99.98 99.72 99.66 99.77 99.85 99.68 99.89 100.00 99.78 99.91 99.64 99.93 100.00 99.93 99.88 99.96 99.99 99.94 99.80 99.69 99.68 99.77 99.74 99.85 99.81 99.96 99.90 99.88 99.95 99.98 99.86 99.87 99.94 99.90 99.86 99.89 99.92 99.94 99.94 99.96 99.97 99.96 99.90 99.98 99.97 99.98 99.93 99.94 99.96 99.97 99.98 99.98 99.99 99.99 99.98 100.00 99.99 99.99 99.97 99.98 99.92 100.00 100.00 99.90 99.89 99.88 99.92 99.96 99.93 99.92 99.98
99.56 99.79 99.98 99.72 99.63 99.93 100.00 100.00 99.83 99.54 99.56 99.93 100.00 100.00 99.98 99.81 99.84 99.72 99.89 99.93 100.00 99.95 100.00 99.97 99.92 99.88 99.75 99.81 99.80 99.61 99.69 99.97 99.86 99.95 99.93 99.89 99.69 99.97 99.95 99.85 99.92 99.93 99.94 99.96 99.97 99.95 99.89 99.91 100.00 99.96 99.91 99.91 99.96 99.96 99.97 99.98 99.97 99.99 100.00 99.99 100.00 99.97 99.99 99.99 99.98 99.92 99.96 99.90 99.87 99.91 99.92 99.99 99.99 99.98 99.99 99.95
99.93 99.94 99.97 99.98 99.99 100.00 100.00 99.94 99.95 99.80 99.69 99.79 99.98 99.88 100.00 99.93 99.88 99.65 99.73 99.97 99.98 99.79 99.97 99.95 99.97 99.99 99.99 99.95 99.98 99.96 99.85 99.64 99.67 99.90 99.92 99.96 99.84 99.96 99.86 99.90 99.92 99.94 99.95 99.97 99.92 99.82 99.88 100.00 99.99 99.88 99.92 99.95 99.96 99.97 99.98 99.98 99.98 99.98 99.99 100.00 100.00 100.00 99.99 99.99 99.97 99.91 99.92 99.97 99.86 99.99 99.83 99.96 100.00 99.96 99.98 99.97
99.87 99.92 99.83 99.77 99.75 99.66 99.58 99.69 99.80 99.70 99.78 99.52 99.86 99.89 99.76 99.73 99.84 99.99 100.00 99.98 99.99 99.97 99.80 99.80 99.88 100.00 99.96 99.73 99.81 99.97 99.90 99.91 99.94 99.76 99.64 99.87 99.87 99.90 99.88 99.92 99.94 99.95 99.95 99.95 99.84 100.00 99.99 99.99 99.90 99.91 99.95 99.96 99.97 99.97 99.98 99.99 99.98 99.98 100.00 99.99 100.00 99.99 99.99 99.97 99.94 99.87 100.00 100.00 99.99 100.00 100.00 100.00 100.00 100.00 99.94 99.96
99.63 99.86 99.82 99.85 99.81 99.53 99.91 99.77 99.34 99.92 99.87 99.72 99.77 99.53 99.65 99.57 99.86 99.95 99.99 99.76 99.89 100.00 99.99 99.96 99.78 99.73 99.94 99.99 99.80 100.00 99.91 100.00 100.00 100.00 99.94 99.85 99.88 99.89 99.91 99.94 99.95 99.96 99.96 99.94 99.85 100.00 99.93 99.93 99.90 99.94 99.94 99.95 99.97 99.98 99.98 99.99 99.99 99.99 100.00 100.00 99.99 100.00 99.99 99.98 99.91 100.00 99.99 99.96 99.93 99.97 99.98 99.97 99.96 99.95 100.00 99.99
99.64 99.79 99.84 99.76 99.60 99.89 99.70 100.00 99.83 99.77 99.86 99.98 99.73 99.78 99.73 99.42 99.49 99.88 99.77 99.67 99.98 99.86 100.00 99.96 99.95 99.84 99.88 99.96 99.91 99.85 99.71 99.90 99.95 99.94 99.92 99.90 99.92 99.90 99.93 99.95 99.96 99.96 99.97 99.92 99.82 100.00 99.92 99.92 99.94 99.95 99.95 99.96 99.97 99.98 99.99 99.99 99.99 99.99 99.99 100.00 99.99 99.96 99.99 99.98 99.93 99.98 99.90 99.91 100.00 100.00 99.91 99.95 99.92 99.88 99.94 100.00
99.65 99.94 99.92 99.74 99.79 100.00 99.99 100.00 99.98 99.96 99.33 99.97 99.99 99.70 100.00 99.65 99.76 99.33 99.65 99.80 99.80 99.71 99.98 99.99 99.91 99.99 99.77 99.75 99.61 99.68 99.91 99.73 99.74 99.92 99.86 99.89 99.90 99.92 99.94 99.96 99.97 99.97 99.95 99.85 99.95 100.00 99.88 99.92 99.94 99.94 99.95 99.97 99.98 99.99 99.99 99.98 99.99 100.00 99.99 99.99 99.99 99.98 99.98 99.98 99.96 99.92 99.86 99.98 99.91 99.91 99.93 99.97 99.98 99.95 99.94 99.98
99.55 99.98 99.73 99.91 99.80 99.99 100.00 99.76 99.75 99.81 99.61 99.91 99.44 99.97 100.00 99.94 99.96 99.96 99.64 99.76 99.96 99.90 99.90 100.00 99.90 99.77 99.95 99.89 99.80 99.95 99.92 99.86 99.77 99.90 99.90 99.89 99.92 99.94 99.96 99.97 99.97 99.97 99.89 99.91 100.00 100.00 99.90 99.91 99.95 99.94 99.95 99.96 99.97 99.98 99.97 99.98 99.98 100.00 99.99 100.00 99.99 99.98 99.98 99.97 99.89 99.92 99.97 99.91 99.97 100.00 99.99 99.96 99.99 99.97 99.93 100.00
98.95 99.60 99.75 99.65 99.97 99.93 99.68 99.72 99.51 99.32 99.82 99.94 99.46 99.86 99.96 99.53 99.96 99.97 99.50 99.74 99.98 99.85 99.66 100.00 100.00 99.95 99.99 100.00 99.90 99.87 99.92 99.87 99.83 99.85 99.85 99.88 99.92 99.95 99.97 99.98 99.98 99.95 99.94 99.97 99.99 99.97 99.88 99.91 99.95 99.95 99.95 99.97 99.98 99.99 99.98 99.99 99.99 100.00 99.99 100.00 99.97 99.97 99.94 99.93 99.82 99.99 99.99 99.86 99.96 99.91 100.00 99.97 99.97 99.99 99.92 99.99
99.46 99.40 99.57 99.03 99.73 99.55 99.31 99.40 99.66 99.92 99.95 99.80 99.97 99.96 99.96 99.91 99.77 99.79 99.52 99.93 99.81 99.37 99.98 99.91 99.97 99.93 99.99 100.00 100.00 99.85 99.79 99.85 99.87 99.86 99.86 99.89 99.94 99.95 99.98 99.98 99.96 99.89 99.99 99.93 99.99 99.89 99.89 99.94 99.95 99.96 99.97 99.98 99.99 99.99 99.98 99.99 99.99 100.00 99.98 100.00 99.97 99.98 99.96 99.82 100.00 100.00 99.89 99.85 100.00 100.00 99.95 100.00 99.94 99.89 99.98 99.88
99.59 99.19 99.95 99.55 99.76 99.32 99.62 99.53 99.61 99.79 99.74 99.33 99.73 99.85 99.69 99.58 99.72 99.60 99.72 99.86 99.55 99.70 99.98 99.84 99.85 99.92 99.82 99.87 99.98 99.99 99.91 99.87 99.91 99.88 99.86 99.90 99.95 99.96 99.98 99.99 99.96 99.92 100.00 99.96 99.99 99.90 99.93 99.95 99.95 99.96 99.98 99.98 99.99 100.00 99.99 100.00 99.97 99.99 100.00 100.00 99.96 99.98 99.95 99.86 99.96 100.00 99.98 99.87 99.91 99.99 99.98 100.00 99.95 99.93 100.00 99.92
98.74 99.34 99.88 99.80 99.63 99.72 99.34 99.75 99.23 99.96 99.99 99.93 99.98 99.50 99.80 99.59 99.65 99.51 99.54 99.55 99.68 99.48 99.57 99.83 99.88 99.98 99.69 99.88 100.00 100.00 99.96 99.94 99.90 99.88 99.87 99.92 99.96 99.97 99.98 99.96 99.97 99.97 100.00 99.99 99.94 99.91 99.95 99.95 99.96 99.97 99.98 99.98 99.99 99.99 100.00 99.99 99.98 100.00 100.00 99.99 99.97 99.93 99.92 99.95 99.97 99.93 100.00 99.91 99.92 99.90 99.93 99.97 100.00 99.97 100.00 99.99
99.85 99.63 98.82 100.00 99.06 99.68 99.47 99.14 100.00 99.68 99.97 99.95 100.00 100.00 100.00 99.42 99.79 99.82 99.98 99.60 100.00 99.67 99.49 99.47 99.73 99.85 99.87 99.97 99.66 99.86 99.78 99.97 99.87 99.84 99.90 99.95 99.96 99.98 99.98 99.98 99.98 99.95 99.96 100.00 99.96 99.91 99.96 99.96 99.96 99.96 99.98 99.99 99.98 100.00 99.99 99.99 99.99 100.00 99.97 99.96 99.98 99.93 99.99 99.99 99.99 99.97 100.00 99.90 99.93 99.93 99.97 99.93 99.89 99.95 99.91 100.00
99.98 99.81 99.91 100.00 99.32 100.00 99.57 100.00 99.78 99.95 99.54 99.81 99.89 99.89 99.53 100.00 100.00 100.00 99.79 100.00 99.89 100.00 99.32 99.64 99.90 99.59 99.74 99.48 99.76 99.93 99.95 99.85 99.80 99.88 99.93 99.95 99.97 99.98 99.99 99.99 99.98 99.97 99.95 99.93 99.98 99.93 99.96 99.96 99.97 99.98 99.99 99.99 99.99 100.00 99.99 99.99 99.99 99.99 99.97 99.98 99.90 99.99 99.99 99.93 99.93 99.99 99.96 99.95 99.94 99.98 99.97 99.97 99.85 100.00 99.92 99.77
99.90 100.00 100.00 99.96 99.88 100.00 99.78 100.00 99.96 99.84 99.91 99.98 99.81 99.65 98.98 100.00 99.86 99.71 99.62 99.89 100.00 100.00 99.84 99.19 99.73 99.31 99.58 99.84 99.71 99.75 99.86 99.82 99.84 99.90 99.94 99.95 99.97 99.98 99.99 99.99 99.98 99.99 99.99 99.96 99.98 99.93 99.96 99.97 99.97 99.98 99.98 100.00 100.00 100.00 100.00 99.99 99.99 99.99 99.93 99.95 99.99 99.85 99.93 99.87 99.93 99.93 100.00 99.96 100.00 100.00 99.97 100.00 99.83 99.99 99.96 99.92
99.94 100.00 99.89 99.69 99.82 100.00 99.94 99.95 100.00 99.58 99.93 100.00 99.91 99.99 99.66 99.89 99.96 100.00 100.00 99.93 99.91 100.00 99.72 99.95 100.00 99.44 99.33 99.49 99.78 99.79 99.78 99.83 99.86 99.91 99.94 99.96 99.97 99.98 99.99 99.99 99.98 99.99 99.99 99.94 100.00 99.92 99.96 99.97 99.96 99.99 99.99 99.99 99.99 99.99 100.00 99.99 99.98 99.98 99.95 100.00 99.88 99.93 99.99 99.93 99.91 99.84 99.96 100.00 99.95 100.00 99.98 100.00 100.00 99.99 100.00 99.95
99.86 99.77 99.39 100.00 99.56 100.00 99.98 99.90 99.42 99.63 99.46 99.64 99.66 99.98 99.98 99.23 98.99 100.00 99.86 99.95 99.34 99.75 100.00 100.00 99.93 99.84 100.00 99.92 99.78 99.82 99.78 99.83 99.87 99.90 99.94 99.97 99.98 99.99 99.99 99.99 99.99 99.99 99.97 99.91 100.00 99.87 99.96 99.97 99.97 99.99 99.99 100.00 100.00 100.00 99.99 99.99 99.98 99.98 99.91 99.98 99.99 100.00 100.00 99.99 99.94 99.91 99.87 99.94 99.92 99.93 99.88 99.89 99.86 99.94 99.93 99.94
99.53 99.96 99.89 99.80 99.14 99.78 99.81 99.87 99.96 99.86 99.93 99.82 99.81 99.43 99.75 99.87 100.00 99.38 99.75 99.46 99.93 100.00 99.99 99.68 99.98 99.92 99.80 99.90 99.99 99.64 99.68 99.81 99.87 99.91 99.95 99.97 99.98 99.99 99.99 99.99 99.99 99.99 99.94 99.93 100.00 99.84 99.96 99.97 99.98 99.99 99.99 99.96 99.99 100.00 99.99 99.99 99.98 99.84 99.86 99.87 99.87 99.96 100.00 100.00 100.00 100.00 99.90 99.91 99.92 99.88 99.88 99.85 99.87 99.85 99.89 100.00
99.01 99.96 99.32 99.96 99.87 99.79 99.94 100.00 99.45 99.71 99.94 99.69 99.09 99.34 99.79 99.53 99.53 99.24 99.79 99.79 99.64 99.87 99.97 99.88 99.91 99.79 100.00 99.89 100.00 99.67 99.87 99.71 99.85 99.89 99.95 99.97 99.98 99.99 99.99 99.99 99.99 99.99 99.95 99.95 100.00 99.84 99.96 99.95 99.97 99.97 99.99 99.99 100.00 100.00 99.99 99.99 99.93 99.92 100.00 100.00 99.98 99.98 99.94 99.98 99.99 99.99 99.99 99.97 99.94 99.98 99.98 99.95 99.94 99.81 99.87 99.97
99.53 100.00 99.68 99.42 99.53 99.93 99.87 99.94 99.82 99.83 99.36 99.83 99.83 99.35 99.86 99.53 99.66 99.69 99.46 99.58 99.67 99.62 99.18 99.66 99.62 99.93 99.94 99.88 99.99 100.00 100.00 99.91 99.80 99.90 99.95 99.97 99.96 99.98 99.98 99.99 99.99 99.99 99.93 99.94 100.00 99.86 99.96 99.96 99.97 99.99 100.00 100.00 99.99 99.99 99.99 99.99 99.89 99.91 100.00 100.00 100.00 100.00 100.00 99.93 99.99 99.94 99.99 99.98 99.93 99.96 99.94 99.99 99.99 99.83 99.79 99.87
99.37 99.84 99.48 99.30 99.84 100.00 99.59 99.61 99.58 99.57 99.84 99.87 99.64 99.82 100.00 99.76 99.98 100.00 99.94 99.62 99.73 99.40 99.39 99.78 99.78 99.75 99.94 99.88 100.00 99.87 99.79 99.71 99.87 99.91 99.96 99.98 99.98 99.99 99.98 99.99 99.99 99.99 99.94 99.95 100.00 99.84 99.97 99.96 99.98 100.00 99.99 100.00 99.99 99.98 99.98 99.95 99.84 99.99 99.90 99.95 99.96 100.00 99.96 99.87 99.97 99.98 99.98 99.98 99.97 99.99 99.96 99.93 100.00 99.94 99.79 99.92
99.90 99.49 99.37 99.66 99.52 99.69 99.82 99.51 99.73 99.88 99.55 99.95 100.00 99.98 99.79 99.89 100.00 99.93 99.74 100.00 100.00 100.00 99.91 99.83 99.66 99.61 99.66 99.81 100.00 99.87 99.82 99.80 99.90 99.95 99.96 99.98 99.99 99.99 99.99 99.99 99.99 99.98 99.95 99.95 100.00 99.87 99.96 99.97 99.98 99.98 99.99 100.00 100.00 99.98 99.97 99.87 100.00 100.00 99.94 99.95 99.92 99.94 99.97 99.88 99.96 99.93 99.89 99.98 99.97 99.92 99.99 99.98 99.97 99.97 99.95 99.83
99.46 99.65 99.97 99.92 99.68 99.36 99.80 99.61 99.89 99.54 99.90 99.96 99.81 99.65 99.95 99.98 99.78 99.78 99.99 100.00 99.91 99.75 99.77 99.75 99.77 99.84 99.94 99.96 99.76 100.00 99.74 99.89 99.92 99.96 99.98 99.98 99.99 100.00 99.99 100.00 99.98 99.97 99.93 100.00 99.93 99.90 99.96 99.97 99.97 99.98 100.00 100.00 99.99 100.00 99.99 99.90 100.00 99.98 99.96 99.92 99.91 99.87 99.83 99.99 99.92 99.92 99.91 99.93 99.95 99.96 99.93 99.95 99.99 99.97 99.93 99.92
99.57 99.89 100.00 100.00 99.86 99.68 99.91 99.90 99.91 99.80 99.95 99.87 99.78 99.95 99.65 99.74 99.99 99.90 100.00 99.90 99.99 100.00 99.91 99.82 99.73 99.74 99.91 99.99 99.78 99.82 99.87 99.93 99.96 99.98 99.99 99.97 100.00 99.99 99.99 100.00 99.98 99.97 99.91 100.00 99.99 99.89 99.96 99.96 99.97 99.97 99.97 100.00 100.00 100.00 99.98 99.92 99.99 99.91 99.93 99.99 99.94 99.99 99.97 99.98 99.97 99.92 99.96 99.97 99.94 99.87 99.95 100.00 100.00 100.00 99.95 99.97
99.64 99.80 99.76 99.35 99.87 99.70 99.74 99.96 99.87 99.72 99.99 99.96 99.48 99.88 99.96 100.00 99.99 99.60 99.89 99.90 99.98 99.98 99.80 99.85 99.79 99.94 99.90 99.93 99.83 99.91 99.94 99.95 99.96 99.98 99.98 99.99 99.99 100.00 100.00 99.99 99.97 99.97 99.89 100.00 99.95 99.85 99.96 99.97 99.98 99.98 99.99 100.00 100.00 99.99 99.98 99.95 99.93 99.99 100.00 99.99 99.94 100.00 99.96 99.95 99.97 99.95 99.98 99.99 99.99 99.99 100.00 99.90 99.99 100.00 99.93 99.99
99.66 99.81 99.96 100.00 99.69 99.63 99.78 99.81 99.93 99.99 99.87 99.88 99.78 99.84 99.91 99.78 99.91 99.76 99.98 99.98 99.90 99.96 99.65 99.68 99.85 99.89 99.87 99.88 99.91 99.94 99.95 99.96 99.96 99.99 99.97 100.00 99.98 100.00 100.00 99.98 99.98 99.97 99.89 100.00 100.00 99.86 99.96 99.97 99.97 99.98 99.99 100.00 99.99 99.97 99.98 99.94 99.92 99.92 99.93 99.89 99.96 100.00 99.98 100.00 100.00 99.98 99.98 99.98 100.00 99.98 99.88 99.93 100.00 99.96 99.68 100.00
99.83 99.74 99.73 99.95 99.69 99.75 99.79 99.74 99.77 99.95 99.77 99.72 99.86 99.96 99.76 99.80 99.77 99.76 99.79 99.86 99.97 99.76 99.98 99.88 99.94 99.93 99.92 99.94 99.96 99.96 99.96 99.96 99.98 99.99 99.98 100.00 100.00 99.99 100.00 99.99 99.99 99.95 99.90 99.97 99.98 99.85 99.95 99.97 99.98 99.99 99.99 99.98 99.99 99.97 99.97 99.90 99.99 100.00 99.99 99.98 99.87 99.92 99.92 99.91 99.92 99.94 99.97 99.93 99.94 99.87 99.95 99.99 100.00 99.97 99.96 99.97
99.71 99.74 99.74 99.60 99.45 99.53 99.74 99.81 99.88 99.95 99.95 99.85 99.82 99.97 99.85 99.82 99.84 99.78 99.87 99.89 99.90 99.77 99.98 99.94 99.88 99.91 99.93 99.96 99.97 99.97 99.98 99.98 99.99 99.99 99.98 100.00 99.97 99.99 100.00 99.98 99.99 99.96 99.89 100.00 100.00 99.81 99.95 99.98 99.98 99.99 99.99 99.99 99.99 99.98 99.93 99.96 99.94 99.97 99.91 99.91 99.97 99.99 99.94 99.94 99.91 99.81 99.80 99.90 99.91 99.95 99.90 99.98 99.96 99.98 99.98 100.00
