Heavy_metals/usgrids5km/winde.asc
NCOLS 940
NROWS 592
XLLCORNER -2405000.000000
YLLCORNER 260000.000000
CELLSIZE 5000.000000
NODATA_VALUE -99999.000000
[rows 418 to 455 of 592, columns 756 to 839 of 940]
1.00 0.97 0.97 0.99 0.99 1.01 1.01 1.01 1.01 1.01 1.02 1.00 1.01 1.02 1.01 1.01 1.01 1.01 1.01 1.02 1.03 1.03 1.03 1.03 1.03 1.04 1.05 1.05 1.05 1.06 1.05 1.05 1.07 1.07 1.07 1.06 1.07 1.07 1.06 1.02 0.98 1.01 0.96 0.87 0.85 0.87 0.91 0.94 0.95 0.94 0.91 0.92 0.90 0.87 0.86 0.87 0.87 0.86 0.87 0.94 1.00 0.95 0.97 1.01 1.03 1.03 1.00 1.00 0.99 0.99 0.98 0.99 1.00 0.98 1.00 0.98 1.00 1.00 0.98 0.97 0.94 0.91 0.89 0.87
0.96 0.96 0.96 0.98 0.99 1.00 1.01 1.01 1.00 1.02 1.01 1.01 1.01 1.02 1.00 1.01 1.01 1.02 1.02 1.02 1.02 1.03 1.03 1.04 1.04 1.04 1.05 1.05 1.05 1.06 1.05 1.06 1.07 1.07 1.06 1.07 1.07 1.07 1.05 0.99 0.97 1.00 0.84 0.84 0.86 0.87 0.90 0.91 0.90 0.88 0.88 0.89 0.86 0.86 0.85 0.86 0.87 0.88 0.91 1.00 0.95 0.92 1.02 1.04 1.04 1.01 0.98 0.98 0.98 0.97 0.98 1.01 1.00 0.98 1.00 0.98 1.00 1.00 0.98 0.96 0.93 0.91 0.88 0.87
0.96 0.97 0.98 0.98 0.99 1.00 1.01 1.01 1.03 1.02 1.01 1.02 1.01 1.00 1.00 1.01 1.00 1.02 1.02 1.02 1.02 1.04 1.04 1.04 1.04 1.04 1.04 1.05 1.05 1.05 1.05 1.06 1.07 1.06 1.06 1.08 1.07 1.06 1.02 0.96 0.99 1.00 0.88 0.85 0.87 0.88 0.90 0.89 0.88 0.87 0.87 0.86 0.85 0.85 0.85 0.86 0.88 0.92 0.96 0.99 0.90 0.96 1.03 1.04 1.04 1.00 0.95 0.94 0.95 0.97 0.99 1.01 0.95 0.93 0.98 0.97 1.01 1.01 0.99 0.96 0.93 0.90 0.88 0.88
0.97 0.97 0.98 0.96 0.98 1.00 1.00 1.01 1.01 1.01 1.01 1.00 1.00 1.00 1.00 1.00 1.01 1.01 1.01 1.02 1.02 1.03 1.03 1.04 1.04 1.04 1.04 1.05 1.06 1.06 1.06 1.07 1.07 1.07 1.07 1.08 1.07 1.04 0.99 0.96 1.00 0.98 0.89 0.85 0.87 0.87 0.88 0.88 0.89 0.89 0.88 0.86 0.86 0.87 0.88 0.88 0.91 0.98 0.98 0.98 0.97 1.02 1.01 1.03 1.00 0.96 0.96 0.97 0.98 0.99 0.99 1.00 0.91 0.93 0.99 0.98 1.00 1.00 0.98 0.95 0.93 0.90 0.88 0.89
0.98 0.98 0.98 0.98 1.00 1.00 1.00 1.01 1.02 1.02 1.01 1.01 1.01 1.01 1.01 1.01 1.02 1.02 1.02 1.02 1.03 1.03 1.04 1.04 1.04 1.04 1.04 1.05 1.06 1.06 1.06 1.07 1.07 1.07 1.08 1.08 1.06 1.01 0.97 0.99 1.02 0.97 0.89 0.86 0.87 0.89 0.89 0.89 0.90 0.91 0.91 0.89 0.92 0.96 0.94 0.91 0.92 0.98 0.96 0.99 0.98 1.02 0.99 1.02 0.97 0.95 0.97 0.97 0.99 0.99 1.03 1.03 0.98 1.00 1.01 1.00 1.01 1.01 0.98 0.95 0.93 0.90 0.87 0.87
0.97 0.98 0.98 1.00 1.00 1.00 1.01 1.02 1.02 1.02 1.01 1.01 1.01 1.02 1.01 1.02 1.03 1.02 1.02 1.02 1.03 1.03 1.04 1.04 1.04 1.05 1.05 1.05 1.06 1.07 1.07 1.07 1.07 1.07 1.09 1.07 1.03 0.98 0.98 1.01 1.00 0.94 0.89 0.87 0.86 0.88 0.90 0.92 0.94 0.95 0.96 0.97 0.99 1.00 0.98 0.99 0.98 0.99 0.98 0.98 0.97 0.99 0.99 1.00 0.98 0.98 0.96 0.96 0.99 0.99 1.02 1.00 0.97 0.97 0.97 0.98 1.01 1.00 0.97 0.95 0.92 0.89 0.85 0.85
0.99 1.01 0.99 1.01 0.99 1.03 1.00 1.01 1.01 1.00 1.00 1.01 1.02 1.03 1.02 1.02 1.02 1.02 1.03 1.03 1.03 1.04 1.04 1.04 1.04 1.05 1.05 1.05 1.06 1.07 1.07 1.07 1.07 1.08 1.08 1.06 1.01 0.98 1.01 1.01 0.96 0.90 0.87 0.86 0.86 0.88 0.91 0.96 0.96 0.97 0.98 1.00 1.01 1.02 0.99 0.97 0.93 0.95 0.98 1.01 1.00 1.01 1.01 0.99 0.99 0.97 0.93 0.95 0.97 0.97 0.98 1.00 0.98 0.99 0.99 1.00 1.02 1.00 0.97 0.94 0.92 0.91 0.87 0.90
0.98 0.97 0.99 1.00 1.01 1.03 1.01 1.00 1.01 1.00 1.00 1.01 1.02 1.02 1.03 1.02 1.02 1.03 1.03 1.03 1.04 1.04 1.04 1.05 1.04 1.05 1.05 1.05 1.06 1.07 1.07 1.07 1.08 1.09 1.07 1.04 0.98 1.00 1.01 0.97 0.91 0.87 0.86 0.86 0.87 0.89 0.93 0.97 0.98 0.98 0.99 1.01 1.01 1.00 0.96 0.95 0.97 0.97 0.99 1.00 1.01 1.03 1.01 0.97 0.97 0.95 0.93 0.93 0.95 0.96 0.99 1.00 0.97 0.99 0.99 1.00 1.01 1.01 0.97 0.95 0.93 0.90 0.88 0.92
1.00 1.01 1.01 1.00 0.99 1.02 1.00 1.00 1.00 1.00 1.00 1.01 1.02 1.02 1.02 1.03 1.04 1.04 1.03 1.04 1.04 1.03 1.04 1.04 1.04 1.05 1.05 1.06 1.07 1.07 1.08 1.08 1.08 1.08 1.06 1.01 0.99 1.02 0.98 0.91 0.88 0.85 0.86 0.87 0.88 0.92 0.95 0.97 0.98 0.99 1.00 1.01 1.00 0.97 0.94 0.93 0.96 0.95 0.97 1.00 1.03 1.01 0.98 0.95 0.95 0.94 0.92 0.91 0.96 0.99 1.00 1.00 1.00 1.00 0.98 0.98 1.02 1.00 0.97 0.95 0.93 0.90 0.88 0.88
1.00 1.01 1.02 1.00 1.00 1.02 0.99 1.00 0.99 1.00 1.00 1.01 1.02 1.02 1.03 1.03 1.03 1.03 1.03 1.03 1.03 1.04 1.04 1.04 1.05 1.05 1.05 1.06 1.07 1.08 1.09 1.08 1.08 1.07 1.03 0.99 1.01 1.00 0.89 0.86 0.86 0.86 0.88 0.88 0.89 0.93 0.96 0.96 0.98 0.99 0.99 0.96 0.92 0.88 0.88 0.88 0.92 0.93 0.97 1.00 1.01 0.96 0.94 0.93 0.92 0.94 0.92 0.92 0.96 0.96 0.97 0.99 0.98 0.99 1.00 0.99 1.01 0.98 0.97 0.94 0.91 0.89 0.88 0.87
0.97 0.99 1.00 0.99 1.00 1.01 1.01 1.00 0.99 0.99 1.00 1.01 1.01 1.02 1.03 1.03 1.03 1.04 1.03 1.03 1.03 1.04 1.04 1.04 1.05 1.05 1.06 1.06 1.07 1.08 1.09 1.09 1.09 1.06 1.02 0.97 1.02 0.91 0.85 0.86 0.87 0.88 0.89 0.89 0.92 0.95 0.96 0.97 0.97 0.97 0.96 0.90 0.91 0.86 0.90 0.93 0.94 0.96 0.98 0.99 0.99 0.94 0.92 0.91 0.93 0.94 0.91 0.91 0.96 0.96 0.98 0.99 0.99 1.00 0.98 0.96 1.01 0.99 0.96 0.94 0.91 0.89 0.88 0.87
1.02 1.00 0.98 0.99 1.00 1.00 1.00 1.00 1.00 1.01 1.01 1.01 1.02 1.02 1.02 1.03 1.03 1.04 1.04 1.04 1.04 1.04 1.04 1.04 1.05 1.05 1.06 1.07 1.07 1.09 1.09 1.09 1.08 1.05 0.99 0.93 0.99 0.86 0.85 0.88 0.90 0.91 0.91 0.92 0.95 0.96 0.97 0.97 0.96 0.95 0.93 0.90 0.96 0.91 0.98 1.00 0.97 1.00 0.99 0.98 0.97 0.93 0.91 0.90 0.94 0.94 0.92 0.92 0.92 0.92 0.97 0.98 1.00 1.00 0.96 1.00 1.03 1.00 0.96 0.94 0.91 0.89 0.87 0.87
0.98 1.01 1.00 0.99 1.00 1.00 1.00 1.00 1.00 1.00 1.00 1.01 1.01 1.01 1.02 1.02 1.03 1.03 1.04 1.04 1.04 1.04 1.04 1.04 1.05 1.06 1.06 1.07 1.08 1.09 1.09 1.09 1.07 1.03 0.97 0.93 1.00 0.98 0.92 0.91 0.92 0.93 0.93 0.95 0.97 0.98 0.98 0.98 0.96 0.95 0.94 0.96 0.98 0.97 0.99 0.99 0.97 0.96 0.96 0.94 0.93 0.92 0.91 0.93 0.95 0.92 0.90 0.88 0.87 0.92 0.96 0.98 1.00 0.99 0.99 1.04 1.03 0.99 0.96 0.93 0.91 0.89 0.87 0.85
1.01 0.98 0.99 1.00 1.03 1.00 1.00 0.99 1.00 1.01 1.00 1.01 1.01 1.02 1.02 1.03 1.03 1.03 1.04 1.04 1.04 1.04 1.05 1.05 1.05 1.06 1.06 1.07 1.08 1.09 1.09 1.09 1.06 1.01 0.97 1.00 1.03 1.01 0.91 0.92 0.92 0.94 0.96 0.96 0.97 0.96 0.97 0.97 0.95 0.94 0.94 0.97 0.98 0.97 0.97 1.00 1.00 0.97 0.94 0.93 0.93 0.91 0.91 0.90 0.89 0.88 0.88 0.86 0.86 0.91 0.96 0.99 0.99 0.99 1.00 0.99 0.98 1.00 0.96 0.93 0.91 0.89 0.87 0.84
0.98 0.98 0.99 0.99 1.01 0.99 1.00 1.00 1.00 1.00 1.01 1.01 1.01 1.02 1.02 1.03 1.03 1.04 1.04 1.04 1.04 1.05 1.06 1.05 1.06 1.06 1.06 1.07 1.08 1.09 1.09 1.08 1.04 1.00 0.98 1.02 0.96 0.94 0.90 0.90 0.92 0.96 0.97 0.96 0.93 0.92 0.93 0.97 0.96 0.94 0.95 0.98 0.98 0.99 0.96 0.98 0.97 0.94 0.90 0.93 0.90 0.89 0.88 0.89 0.92 0.89 0.88 0.86 0.89 0.93 0.98 0.98 0.97 1.00 0.98 0.93 1.00 1.02 0.96 0.92 0.90 0.89 0.87 0.85
1.00 1.02 1.02 1.00 1.00 0.99 0.99 1.00 1.00 1.01 1.01 1.02 1.02 1.02 1.02 1.02 1.03 1.04 1.04 1.04 1.04 1.05 1.05 1.06 1.06 1.06 1.07 1.07 1.08 1.10 1.10 1.07 1.03 0.98 1.01 1.01 0.86 0.89 0.89 0.89 0.92 0.96 0.97 0.94 0.91 0.92 0.95 1.01 0.95 0.96 0.98 0.99 0.99 0.98 0.94 0.92 0.93 0.89 0.88 0.90 0.88 0.89 0.89 0.88 0.91 0.88 0.86 0.86 0.90 0.94 0.94 0.96 0.97 1.00 1.00 1.02 1.05 1.03 0.97 0.93 0.90 0.88 0.86 0.86
0.99 0.99 0.98 0.99 1.01 1.00 1.00 1.00 1.00 1.00 1.01 1.02 1.02 1.02 1.02 1.02 1.03 1.03 1.03 1.03 1.04 1.04 1.05 1.06 1.06 1.06 1.07 1.08 1.09 1.10 1.10 1.06 1.01 0.97 1.02 0.97 0.87 0.91 0.90 0.90 0.93 0.95 0.95 0.93 0.93 0.96 0.96 0.99 0.94 0.97 0.96 0.97 0.94 0.92 0.89 0.87 0.90 0.89 0.87 0.88 0.89 0.90 0.88 0.87 0.89 0.88 0.85 0.86 0.90 0.93 0.95 0.95 0.96 0.95 1.00 1.02 1.02 1.01 0.98 0.94 0.91 0.87 0.85 0.86
0.99 1.00 0.99 1.03 1.00 1.00 1.00 1.00 1.01 1.01 1.01 1.01 1.01 1.02 1.02 1.02 1.03 1.04 1.04 1.04 1.04 1.04 1.05 1.06 1.06 1.07 1.07 1.08 1.09 1.10 1.09 1.05 1.00 0.96 1.04 0.95 0.86 0.90 0.90 0.91 0.93 0.93 0.93 0.93 0.94 0.96 0.96 0.93 0.91 0.92 0.90 0.89 0.89 0.88 0.87 0.87 0.88 0.88 0.87 0.88 0.88 0.87 0.87 0.86 0.88 0.86 0.85 0.86 0.91 0.91 0.93 0.93 0.97 0.97 1.04 0.99 0.96 0.99 0.99 0.95 0.91 0.88 0.86 0.86
1.01 0.99 1.01 1.02 0.99 1.00 1.00 1.00 1.00 1.00 1.01 1.01 1.02 1.02 1.03 1.04 1.04 1.04 1.03 1.04 1.04 1.05 1.05 1.06 1.07 1.07 1.08 1.09 1.10 1.11 1.08 1.02 0.96 0.97 1.05 0.92 0.86 0.90 0.89 0.91 0.91 0.91 0.91 0.91 0.92 0.92 0.90 0.88 0.89 0.90 0.87 0.86 0.87 0.85 0.86 0.86 0.87 0.87 0.86 0.88 0.87 0.87 0.88 0.88 0.87 0.86 0.86 0.86 0.91 0.92 0.90 0.88 0.96 0.97 1.04 1.00 1.00 1.01 1.01 0.95 0.90 0.88 0.88 0.87
1.00 0.99 1.00 0.99 0.99 0.99 1.00 1.00 1.00 1.01 1.01 1.02 1.03 1.02 1.03 1.03 1.03 1.04 1.03 1.04 1.04 1.05 1.06 1.06 1.07 1.08 1.08 1.09 1.10 1.11 1.07 1.00 0.92 0.99 1.03 0.90 0.88 0.90 0.89 0.90 0.90 0.90 0.90 0.89 0.89 0.88 0.87 0.86 0.88 0.97 0.84 0.84 0.85 0.85 0.87 0.88 0.88 0.87 0.86 0.86 0.86 0.87 0.87 0.87 0.86 0.86 0.86 0.87 0.91 0.92 0.88 0.89 0.96 0.91 0.99 1.00 1.01 1.01 1.00 0.96 0.91 0.89 0.87 0.86
0.99 1.00 1.01 1.00 0.99 0.99 0.99 1.00 1.01 1.01 1.01 1.02 1.02 1.02 1.03 1.04 1.03 1.03 1.03 1.04 1.05 1.05 1.06 1.06 1.07 1.07 1.08 1.09 1.11 1.11 1.05 0.98 0.91 0.98 1.04 0.90 0.89 0.87 0.87 0.88 0.89 0.89 0.88 0.86 0.87 0.86 0.84 0.85 0.85 0.86 0.83 0.85 0.87 0.87 0.88 0.87 0.86 0.83 0.83 0.84 0.86 0.86 0.87 0.86 0.86 0.86 0.86 0.87 0.88 0.89 0.88 0.93 0.97 0.95 0.96 1.00 0.96 0.93 0.96 0.98 0.92 0.89 0.85 0.85
0.98 0.99 0.98 0.99 0.99 0.99 1.00 1.01 1.00 1.01 1.02 1.01 1.02 1.03 1.03 1.03 1.04 1.04 1.04 1.05 1.05 1.05 1.06 1.07 1.07 1.07 1.08 1.10 1.11 1.11 1.04 0.98 0.96 1.03 1.07 0.97 0.90 0.86 0.85 0.86 0.87 0.88 0.86 0.86 0.87 0.86 0.85 0.85 0.85 0.85 0.85 0.85 0.87 0.87 0.87 0.87 0.86 0.84 0.84 0.85 0.86 0.87 0.86 0.86 0.86 0.86 0.87 0.87 0.89 0.88 0.90 0.96 0.96 0.95 0.95 1.01 0.94 0.86 0.89 0.99 0.93 0.87 0.85 0.88
0.99 1.00 0.99 1.01 0.99 0.99 1.00 1.00 1.00 1.01 1.01 1.02 1.02 1.02 1.02 1.04 1.04 1.04 1.05 1.05 1.05 1.06 1.06 1.06 1.07 1.07 1.09 1.10 1.12 1.10 1.03 0.98 1.03 1.10 1.11 1.07 0.92 0.85 0.85 0.86 0.87 0.87 0.87 0.87 0.88 0.87 0.86 0.85 0.85 0.86 0.86 0.86 0.87 0.87 0.87 0.87 0.86 0.85 0.85 0.86 0.87 0.87 0.87 0.86 0.87 0.87 0.87 0.88 0.90 0.88 0.92 0.99 0.93 0.93 0.96 1.01 0.93 0.85 0.91 1.02 0.95 0.87 0.86 0.88
0.99 1.02 1.01 0.99 0.98 0.99 1.00 1.00 1.00 1.01 1.02 1.02 1.02 1.03 1.03 1.03 1.04 1.04 1.05 1.05 1.05 1.05 1.06 1.07 1.07 1.08 1.09 1.10 1.12 1.08 1.02 1.00 1.02 1.00 0.94 0.89 0.87 0.84 0.85 0.87 0.88 0.88 0.87 0.87 0.87 0.87 0.86 0.85 0.86 0.86 0.87 0.87 0.87 0.87 0.87 0.87 0.86 0.86 0.86 0.86 0.87 0.87 0.87 0.87 0.87 0.87 0.87 0.88 0.90 0.90 0.96 0.98 0.98 1.00 0.98 1.04 0.96 0.86 0.93 1.03 0.92 0.82 0.82 0.84
0.99 1.02 1.01 0.99 0.99 1.00 1.00 1.00 1.01 1.01 1.02 1.02 1.03 1.03 1.03 1.03 1.04 1.04 1.05 1.05 1.06 1.06 1.06 1.06 1.07 1.08 1.10 1.11 1.12 1.06 1.00 0.99 0.97 0.94 0.91 0.90 0.87 0.84 0.85 0.86 0.87 0.87 0.87 0.87 0.87 0.86 0.86 0.86 0.86 0.87 0.87 0.87 0.87 0.87 0.87 0.87 0.87 0.87 0.87 0.86 0.86 0.87 0.87 0.88 0.88 0.88 0.88 0.89 0.89 0.93 0.98 0.96 0.96 0.99 0.93 1.01 0.94 0.87 0.94 1.00 0.88 0.82 0.83 0.89
0.99 1.01 0.99 0.99 0.99 1.00 1.00 1.00 1.01 1.01 1.02 1.03 1.03 1.02 1.04 1.04 1.04 1.04 1.04 1.05 1.06 1.06 1.07 1.07 1.08 1.09 1.10 1.12 1.11 1.04 0.99 0.99 0.97 0.95 0.93 0.90 0.87 0.84 0.84 0.84 0.86 0.86 0.87 0.87 0.87 0.87 0.86 0.86 0.86 0.87 0.87 0.87 0.88 0.88 0.88 0.87 0.87 0.87 0.87 0.86 0.86 0.87 0.88 0.88 0.89 0.89 0.88 0.89 0.90 0.97 0.98 0.97 1.02 1.07 0.95 0.95 0.95 0.90 0.97 1.00 0.93 0.86 0.84 1.02
0.99 1.02 0.99 0.99 1.00 1.00 1.00 1.01 1.01 1.01 1.02 1.02 1.02 1.02 1.03 1.04 1.03 1.04 1.05 1.05 1.05 1.06 1.06 1.07 1.08 1.09 1.11 1.12 1.10 1.02 0.99 0.99 0.97 0.94 0.93 0.90 0.87 0.84 0.83 0.83 0.85 0.86 0.86 0.87 0.87 0.87 0.86 0.86 0.87 0.87 0.87 0.88 0.88 0.88 0.88 0.88 0.88 0.88 0.87 0.87 0.87 0.88 0.89 0.89 0.89 0.89 0.88 0.90 0.92 0.98 0.97 0.98 1.04 1.08 0.94 0.92 0.98 0.98 1.02 1.04 0.97 0.90 0.84 1.03
1.00 1.02 0.99 0.99 0.99 1.00 1.00 1.01 1.01 1.01 1.01 1.01 1.02 1.03 1.03 1.04 1.03 1.04 1.04 1.05 1.06 1.06 1.07 1.08 1.08 1.09 1.10 1.12 1.09 1.01 0.99 0.99 0.96 0.94 0.94 0.91 0.86 0.82 0.82 0.83 0.85 0.86 0.86 0.87 0.87 0.87 0.87 0.87 0.87 0.87 0.88 0.88 0.88 0.88 0.88 0.88 0.88 0.88 0.88 0.88 0.88 0.89 0.90 0.90 0.90 0.90 0.89 0.90 0.97 1.00 0.99 0.98 1.01 1.00 0.97 1.02 1.04 1.00 1.03 1.06 0.97 0.94 0.93 1.05
0.99 0.98 0.98 0.99 0.99 1.00 1.00 1.01 1.01 1.01 1.02 1.02 1.03 1.03 1.03 1.03 1.03 1.04 1.04 1.05 1.06 1.06 1.07 1.07 1.08 1.09 1.11 1.12 1.06 1.00 1.00 0.98 0.95 0.94 0.94 0.92 0.85 0.82 0.83 0.84 0.85 0.86 0.86 0.87 0.87 0.87 0.87 0.87 0.87 0.88 0.88 0.88 0.88 0.88 0.89 0.89 0.89 0.89 0.89 0.89 0.89 0.90 0.90 0.91 0.91 0.90 0.90 0.88 0.99 1.00 1.00 0.99 1.02 0.93 1.00 1.03 1.06 1.00 1.00 1.03 0.96 0.98 1.03 0.96
0.99 1.01 0.99 1.00 0.99 1.00 1.00 1.00 1.01 1.01 1.02 1.02 1.03 1.02 1.03 1.03 1.04 1.04 1.04 1.05 1.05 1.06 1.06 1.07 1.09 1.09 1.11 1.12 1.04 1.00 1.00 0.97 0.94 0.94 0.94 0.92 0.82 0.81 0.83 0.84 0.85 0.86 0.86 0.87 0.87 0.87 0.87 0.88 0.88 0.88 0.88 0.89 0.89 0.89 0.89 0.89 0.89 0.90 0.90 0.90 0.90 0.91 0.91 0.91 0.91 0.91 0.90 0.88 1.01 1.01 0.99 1.00 1.02 0.97 1.00 1.00 1.06 1.00 1.02 1.03 0.99 1.01 1.05 0.90
1.02 1.04 1.00 1.00 0.99 1.00 1.00 1.01 1.01 1.01 1.02 1.02 1.02 1.03 1.03 1.03 1.03 1.04 1.04 1.05 1.05 1.06 1.07 1.08 1.09 1.10 1.11 1.11 1.03 1.00 0.99 0.95 0.93 0.94 0.95 0.92 0.83 0.82 0.83 0.84 0.85 0.86 0.86 0.87 0.87 0.87 0.88 0.88 0.88 0.88 0.88 0.89 0.89 0.89 0.89 0.89 0.90 0.90 0.90 0.90 0.91 0.91 0.92 0.92 0.92 0.92 0.91 0.89 1.01 1.01 1.00 1.02 1.01 1.00 1.00 0.98 1.01 1.02 1.03 1.00 1.00 1.02 1.03 0.90
0.99 1.01 0.99 0.99 0.99 1.00 1.00 1.01 1.01 1.02 1.01 1.02 1.02 1.02 1.03 1.03 1.04 1.04 1.04 1.05 1.06 1.06 1.07 1.08 1.09 1.10 1.12 1.11 1.01 1.00 0.97 0.94 0.93 0.94 0.95 0.92 0.82 0.82 0.83 0.85 0.86 0.86 0.87 0.87 0.87 0.88 0.88 0.88 0.89 0.89 0.89 0.89 0.89 0.90 0.90 0.90 0.90 0.91 0.91 0.91 0.92 0.92 0.93 0.93 0.93 0.92 0.92 0.90 0.97 1.02 1.01 1.02 1.02 1.02 1.01 0.99 1.05 1.06 0.92 0.90 0.97 1.02 1.02 0.95
1.00 1.02 0.99 0.99 0.99 1.00 1.01 1.00 1.00 1.01 1.01 1.02 1.02 1.03 1.03 1.03 1.04 1.04 1.04 1.05 1.06 1.07 1.07 1.08 1.09 1.10 1.12 1.09 1.01 0.99 0.95 0.93 0.93 0.94 0.95 0.89 0.81 0.82 0.83 0.85 0.86 0.86 0.87 0.87 0.88 0.88 0.88 0.89 0.89 0.89 0.89 0.90 0.90 0.90 0.90 0.90 0.91 0.91 0.92 0.92 0.93 0.93 0.93 0.94 0.93 0.93 0.93 0.91 0.93 1.03 1.00 0.99 1.01 1.00 1.01 1.00 1.10 1.09 0.94 0.95 1.03 1.05 1.05 1.04
1.01 0.99 0.98 0.99 0.99 1.00 1.01 1.00 1.01 1.01 1.02 1.03 1.03 1.03 1.03 1.03 1.03 1.04 1.05 1.05 1.06 1.06 1.07 1.08 1.09 1.10 1.12 1.08 1.00 0.98 0.95 0.93 0.94 0.94 0.93 0.88 0.81 0.82 0.83 0.85 0.86 0.87 0.87 0.88 0.88 0.88 0.89 0.89 0.89 0.89 0.90 0.90 0.90 0.90 0.91 0.91 0.91 0.92 0.92 0.93 0.94 0.94 0.94 0.94 0.94 0.94 0.93 0.92 0.91 1.05 1.03 1.02 1.03 1.01 1.00 0.99 1.03 1.03 0.99 1.02 1.05 1.05 1.06 1.05
1.01 0.97 0.99 0.98 0.99 0.99 1.00 1.00 1.01 1.01 1.01 1.02 1.03 1.03 1.03 1.04 1.04 1.04 1.05 1.05 1.06 1.07 1.07 1.08 1.09 1.10 1.12 1.06 0.99 0.97 0.95 0.94 0.94 0.94 0.92 0.87 0.81 0.82 0.84 0.85 0.86 0.87 0.87 0.88 0.88 0.89 0.89 0.89 0.90 0.90 0.90 0.90 0.91 0.91 0.91 0.92 0.92 0.93 0.94 0.95 0.95 0.95 0.95 0.95 0.95 0.95 0.94 0.93 0.90 1.05 1.02 1.01 1.02 1.01 1.02 1.01 1.05 1.04 1.00 1.02 1.04 1.07 1.07 1.04
1.00 0.98 1.01 0.98 0.99 0.99 1.00 1.00 1.01 1.01 1.02 1.03 1.02 1.02 1.03 1.04 1.04 1.04 1.05 1.05 1.06 1.07 1.07 1.08 1.09 1.11 1.12 1.05 0.99 0.97 0.95 0.94 0.93 0.92 0.91 0.87 0.81 0.83 0.84 0.85 0.86 0.87 0.88 0.88 0.89 0.89 0.89 0.90 0.90 0.90 0.91 0.91 0.91 0.91 0.92 0.92 0.93 0.94 0.95 0.96 0.96 0.97 0.97 0.96 0.95 0.95 0.95 0.94 0.91 1.05 1.03 1.02 1.04 1.02 1.02 1.02 1.04 1.03 1.02 1.03 1.06 1.05 1.03 0.97
1.00 0.99 1.01 0.98 0.99 0.98 0.99 0.99 1.00 1.01 1.02 1.02 1.02 1.03 1.03 1.03 1.03 1.04 1.05 1.06 1.06 1.06 1.07 1.08 1.09 1.11 1.11 1.04 0.99 0.98 0.95 0.93 0.92 0.92 0.91 0.87 0.82 0.83 0.84 0.85 0.86 0.87 0.88 0.88 0.89 0.89 0.89 0.90 0.90 0.90 0.91 0.91 0.92 0.92 0.92 0.93 0.93 0.94 0.95 0.96 0.97 0.98 0.98 0.97 0.96 0.96 0.95 0.94 0.92 1.02 1.04 1.01 1.03 1.01 1.03 1.04 1.03 1.04 1.02 1.03 1.04 1.02 1.04 1.03
1.01 1.00 1.02 0.98 0.99 0.99 0.99 1.00 1.00 1.00 1.01 1.02 1.02 1.03 1.03 1.03 1.03 1.04 1.04 1.05 1.06 1.07 1.08 1.08 1.09 1.11 1.11 1.04 0.98 0.97 0.94 0.92 0.91 0.91 0.91 0.87 0.83 0.83 0.85 0.86 0.87 0.87 0.88 0.88 0.89 0.89 0.89 0.90 0.91 0.91 0.91 0.92 0.92 0.92 0.93 0.93 0.94 0.95 0.96 0.96 0.97 0.98 0.98 0.97 0.96 0.96 0.95 0.95 0.94 0.97 1.05 1.02 1.02 1.00 1.03 1.02 1.01 1.03 0.99 1.05 1.04 1.04 1.05 1.06
