Heavy_metals/usgrids5km/winde.asc
NCOLS 940
NROWS 592
XLLCORNER -2405000.000000
YLLCORNER 260000.000000
CELLSIZE 5000.000000
NODATA_VALUE -99999.000000
[rows 190 to 227 of 592, columns 504 to 587 of 940]
0.98 0.98 0.98 0.97 0.96 0.97 0.99 0.99 1.02 1.03 1.03 1.02 1.06 1.07 1.07 1.07 1.08 1.08 1.10 1.08 1.06 1.06 1.05 1.06 1.06 1.05 1.00 1.06 1.05 1.03 0.99 1.02 1.02 1.03 1.05 1.02 1.05 1.03 1.00 1.05 1.05 1.06 1.01 1.02 0.94 1.03 0.88 0.94 1.02 1.04 1.14 1.13 1.01 0.97 0.95 1.01 0.86 0.95 1.07 1.01 0.94 1.12 1.07 0.91 1.07 0.93 1.06 0.94 0.91 1.00 0.93 1.06 0.98 0.96 0.91 0.95 0.92 0.88 0.88 0.95 1.13 1.08 1.08 1.04
0.97 1.00 0.98 0.99 0.98 0.99 1.00 0.98 1.02 1.00 1.02 1.02 1.07 1.09 1.08 1.08 1.08 1.08 1.08 1.07 1.09 1.07 1.05 1.05 1.07 1.05 1.04 1.05 1.03 1.03 0.98 1.00 1.02 1.03 1.07 1.02 1.03 1.02 1.01 1.06 1.01 1.00 1.04 1.03 0.92 0.91 0.92 1.06 1.08 1.13 1.08 1.01 0.98 1.01 1.09 1.05 0.85 1.10 1.12 1.01 0.98 1.12 1.08 0.94 1.05 0.93 0.91 1.01 0.94 0.92 0.89 1.00 0.99 0.94 1.02 1.02 0.90 0.88 1.00 1.02 1.12 1.03 1.02 1.02
0.98 0.99 0.97 0.98 0.98 0.98 1.00 0.98 1.02 0.98 1.00 1.03 1.08 1.09 1.07 1.08 1.07 1.04 1.04 1.04 1.05 1.05 1.02 1.01 1.05 1.06 1.03 1.03 1.02 1.02 1.02 0.99 1.02 1.03 1.02 1.07 1.01 1.04 1.00 1.04 1.05 0.97 0.98 0.95 0.96 1.00 1.04 1.07 1.10 1.12 1.08 1.04 1.01 1.04 1.07 0.87 0.84 1.10 1.12 0.97 1.01 1.05 0.95 0.88 0.88 0.86 0.86 0.89 0.86 0.86 0.88 0.89 0.88 0.87 0.88 0.89 0.87 0.95 1.01 1.04 1.09 1.04 0.98 0.94
0.99 0.99 0.98 0.98 0.98 0.97 0.99 0.98 1.02 0.98 1.01 1.06 1.09 1.07 1.06 1.05 1.10 1.07 1.05 1.05 1.05 1.05 1.04 1.03 1.04 1.05 1.03 1.01 0.96 1.00 0.99 0.98 1.04 1.00 0.98 1.06 1.05 1.02 1.01 0.99 1.00 0.99 0.99 1.07 1.02 1.06 1.08 1.09 1.07 1.06 1.06 1.07 1.12 0.98 1.02 0.84 1.12 1.13 1.10 0.93 1.01 1.03 0.94 0.91 0.97 0.97 0.93 1.04 1.03 1.09 0.97 1.01 0.93 0.95 0.92 0.99 0.90 0.97 0.95 0.98 1.04 1.01 0.99 0.94
0.99 0.99 0.97 0.97 0.97 0.97 0.97 0.99 1.01 0.98 1.02 1.09 1.09 1.04 1.03 1.03 1.05 1.05 1.07 1.08 1.04 1.04 1.03 1.05 1.03 1.04 1.02 1.01 1.01 0.99 0.97 1.02 1.05 0.99 1.04 1.05 1.06 0.99 1.01 0.98 1.02 1.01 0.98 1.04 1.05 1.07 1.04 1.02 1.02 0.93 0.91 0.97 0.96 0.96 0.94 0.84 1.12 1.11 1.07 1.05 1.02 0.87 0.88 0.94 1.04 0.94 0.97 1.06 1.07 0.98 0.94 1.06 1.04 1.08 0.96 1.02 0.99 1.00 0.99 1.05 1.05 1.07 1.07 0.94
0.98 0.97 0.97 0.97 0.96 0.96 0.97 0.98 0.99 0.99 1.02 1.08 1.03 1.01 1.04 1.06 1.04 1.07 1.08 1.08 1.05 1.05 1.04 1.04 1.03 1.00 1.00 1.01 1.02 0.98 1.00 0.99 1.00 1.02 1.05 1.02 1.05 1.03 1.01 1.02 1.01 1.02 0.96 0.94 1.04 1.04 1.06 1.02 1.05 1.03 1.02 1.01 0.97 0.97 0.90 0.85 1.11 0.97 0.91 0.91 0.88 0.93 1.05 1.05 1.08 0.94 0.99 1.11 1.14 1.05 0.93 1.09 1.14 1.05 0.96 1.05 1.14 1.10 1.10 1.07 1.04 1.10 1.05 0.98
0.94 0.96 1.01 0.97 0.96 0.96 0.96 0.98 1.00 1.02 1.03 1.03 1.00 1.02 1.05 1.03 1.05 1.07 1.08 1.08 1.04 1.06 1.07 1.03 1.02 0.98 0.99 1.00 1.02 0.98 0.97 1.01 1.00 0.99 0.99 0.97 1.03 1.00 1.02 1.00 0.99 0.95 0.99 0.95 0.96 0.98 0.99 0.96 1.04 1.04 1.05 1.09 1.08 1.02 1.04 0.85 1.07 0.93 0.88 0.91 0.93 0.92 0.98 1.07 1.04 0.98 1.05 1.10 1.10 0.98 0.99 1.12 1.11 1.00 1.06 1.09 1.12 1.11 1.15 1.10 1.11 0.99 1.05 1.05
0.96 0.97 0.99 0.99 0.98 0.96 0.97 1.00 1.03 1.04 1.01 0.99 0.99 0.99 1.02 1.02 1.05 1.08 1.08 1.08 1.04 1.05 1.05 1.05 1.04 0.98 0.95 1.03 1.01 0.99 0.99 0.97 0.99 0.96 1.02 0.98 1.04 1.01 1.02 1.01 0.96 0.95 0.95 0.95 0.98 0.95 0.90 0.91 1.06 1.00 0.97 1.03 1.00 1.03 1.03 0.85 0.96 0.91 1.03 1.04 1.11 1.08 1.12 1.14 1.08 1.06 1.09 1.09 1.10 1.08 1.11 1.13 1.12 1.09 1.08 0.99 1.07 1.04 1.05 1.04 1.02 0.98 1.05 1.00
0.95 0.98 0.98 0.97 0.97 0.98 1.00 1.02 1.03 1.00 0.98 0.99 0.98 1.02 1.05 1.03 1.04 1.07 1.07 1.09 1.07 1.03 1.02 1.04 1.02 0.98 0.98 1.02 0.99 0.99 1.02 0.98 0.97 1.00 1.05 1.03 1.01 1.01 1.01 1.04 0.98 0.94 0.97 1.02 1.07 1.08 1.01 0.89 0.97 0.98 0.95 0.96 0.98 1.07 1.02 0.86 1.05 1.09 1.09 1.10 1.09 1.04 1.03 1.08 1.06 1.01 1.04 1.09 1.09 1.07 1.07 1.04 1.10 1.06 1.05 0.98 1.05 1.02 1.08 1.08 0.99 0.96 0.96 0.98
0.93 0.93 0.94 0.94 0.93 0.92 0.93 0.94 0.94 0.95 0.96 0.96 0.98 1.04 1.04 1.03 1.04 1.06 1.07 1.07 1.04 1.01 1.00 1.03 1.02 0.98 0.99 1.01 1.00 0.99 1.03 0.99 0.98 0.94 0.98 1.01 0.96 0.99 0.97 1.01 1.02 1.02 1.03 1.07 1.06 1.00 1.02 1.00 0.96 0.92 0.93 0.94 1.01 1.05 1.00 0.88 0.94 0.98 1.05 1.05 0.98 0.97 0.95 1.05 0.97 0.98 1.02 1.08 1.05 1.07 1.05 1.08 1.11 1.07 1.05 0.97 1.00 1.07 1.11 1.07 0.99 1.04 0.96 0.99
0.94 0.93 0.94 0.94 0.93 0.93 0.94 0.95 0.97 0.98 0.97 0.97 0.98 1.01 1.03 1.05 1.03 1.07 1.06 1.05 1.02 1.02 0.99 1.02 1.02 1.01 1.02 1.03 0.99 1.00 0.98 1.01 1.00 0.99 1.00 1.01 0.99 1.02 1.02 1.02 0.99 1.05 1.05 1.03 1.01 1.02 1.06 1.05 1.10 1.06 0.97 0.93 0.96 0.99 0.99 0.96 0.91 0.99 1.04 1.06 0.98 0.94 1.03 1.09 0.95 1.01 1.03 1.03 1.02 0.97 1.04 1.02 1.05 1.05 1.03 1.08 0.93 1.01 1.08 1.08 1.07 1.00 1.01 0.95
0.94 0.94 0.94 0.94 0.93 0.93 0.93 0.96 0.97 0.96 0.96 0.96 0.99 1.02 1.06 1.02 1.04 1.06 1.07 1.06 1.05 1.02 0.97 0.98 0.99 0.99 0.97 1.01 0.98 1.00 0.97 1.01 1.01 0.93 0.96 1.04 1.01 0.99 0.97 1.02 1.00 1.02 0.99 0.97 1.01 0.97 0.91 0.96 0.94 0.94 0.99 0.93 0.90 1.02 0.94 1.02 0.94 1.06 1.06 1.02 0.97 0.99 1.05 1.07 0.90 1.04 1.01 0.99 1.02 1.07 1.03 0.95 1.04 1.04 1.03 1.01 0.92 1.03 1.07 1.04 1.00 0.98 1.04 0.93
0.95 0.95 0.95 0.94 0.95 0.96 0.96 0.96 0.96 0.95 0.95 0.98 0.97 1.02 1.06 1.03 1.03 1.04 1.06 1.03 1.04 1.01 1.02 1.00 1.02 0.98 0.98 1.02 1.00 1.01 0.97 0.99 0.98 0.93 0.97 1.00 1.01 1.02 0.96 1.00 0.99 1.01 1.01 0.99 1.01 1.01 1.02 1.05 0.96 0.88 0.90 0.93 0.92 0.93 0.92 0.96 0.91 0.94 1.01 1.01 0.98 0.99 1.03 1.02 0.90 1.00 0.95 1.05 1.09 1.06 0.98 1.02 1.00 1.00 1.04 0.99 0.91 0.94 1.03 1.07 1.03 0.94 0.98 0.96
0.95 0.95 0.94 0.95 0.94 0.93 0.94 0.94 0.96 0.96 0.95 0.97 0.96 1.01 1.02 1.00 1.00 1.04 1.06 1.05 1.08 1.05 1.02 1.00 1.03 0.96 0.98 0.99 1.00 0.98 0.97 0.97 0.99 0.96 0.99 1.00 0.99 1.00 1.01 1.00 1.01 0.99 1.01 1.05 1.02 1.05 1.07 1.04 1.05 0.92 0.94 0.91 0.90 0.89 0.88 0.91 0.88 0.87 0.91 1.00 0.96 0.94 0.91 1.02 0.96 0.94 0.95 1.03 1.04 1.02 1.02 1.01 0.97 1.00 1.01 1.04 0.99 0.98 1.05 0.96 1.03 1.03 1.03 0.98
0.96 0.96 0.96 0.94 0.93 0.94 0.94 0.94 0.95 0.96 0.95 0.96 0.97 0.99 1.01 1.01 1.02 1.05 1.07 1.05 1.07 1.04 1.01 0.98 0.97 0.94 0.97 0.99 0.99 1.02 1.01 1.02 0.96 1.00 0.98 0.98 0.99 1.01 1.03 0.96 1.00 1.00 1.03 1.01 1.05 1.07 1.06 1.04 1.02 1.06 1.05 1.07 1.02 1.02 1.08 1.07 0.88 0.93 0.97 0.87 0.89 0.95 0.89 0.98 0.92 0.91 0.96 1.03 0.96 0.97 1.04 1.00 0.98 0.95 1.02 1.03 1.00 0.95 0.93 0.97 1.11 1.06 0.96 0.97
0.96 0.96 0.97 0.96 0.95 0.96 0.95 0.96 0.98 0.98 0.94 0.97 0.96 0.97 1.01 1.04 1.02 1.02 1.05 1.06 1.05 1.06 1.01 0.97 0.99 0.97 0.96 0.95 0.96 0.98 0.97 0.98 0.99 1.00 1.00 0.98 1.00 1.02 1.03 0.97 1.00 0.99 1.03 0.98 1.04 1.03 1.04 1.03 1.02 1.05 1.05 1.06 1.06 1.03 1.00 1.08 1.02 1.11 1.12 1.03 1.05 1.03 0.98 0.89 0.93 1.01 1.01 1.06 1.03 1.01 1.03 1.00 0.99 0.98 0.92 0.93 0.95 0.92 0.94 1.08 1.07 1.01 1.02 0.99
0.96 0.97 0.98 0.97 0.96 0.97 0.96 0.98 0.99 0.99 0.96 0.96 0.96 0.98 1.01 1.04 1.02 1.01 1.05 1.04 1.03 1.02 1.03 1.00 1.05 1.02 1.00 0.98 1.01 0.96 0.94 0.95 0.97 0.98 0.96 0.98 0.99 1.01 1.00 0.98 0.99 1.00 1.02 0.97 1.02 1.05 1.02 1.01 1.01 1.04 1.00 1.01 1.05 1.00 1.02 1.07 1.04 1.03 1.10 1.06 1.04 0.98 1.02 0.91 1.02 1.04 1.03 1.02 1.00 0.94 1.00 1.06 1.03 0.95 0.94 1.03 0.98 1.03 0.96 1.03 1.01 1.01 1.04 0.98
0.97 0.99 0.97 0.97 0.96 0.97 0.97 0.99 0.99 0.99 0.98 0.98 0.96 0.95 1.00 1.04 1.04 1.00 1.01 1.04 1.06 1.04 1.05 1.04 1.00 0.95 0.96 0.97 0.95 0.96 0.97 1.00 0.97 0.96 0.94 0.99 0.99 1.04 0.99 0.98 0.97 0.99 1.01 0.96 1.03 1.04 1.02 1.03 1.02 0.98 0.96 0.97 1.02 1.03 1.04 1.04 1.00 1.05 1.08 1.01 0.96 0.95 0.96 0.96 0.92 1.02 1.03 0.98 0.96 0.95 1.04 1.08 1.06 1.07 1.05 1.05 1.01 1.01 0.95 1.02 0.97 1.03 1.08 1.05
0.98 0.99 0.98 0.98 0.99 0.98 0.95 0.97 0.97 0.98 0.98 0.94 0.94 0.95 1.02 1.06 1.01 0.97 0.99 1.02 1.03 1.02 1.03 1.02 0.97 0.96 0.99 0.98 0.97 0.99 0.95 0.97 0.95 0.96 0.95 0.96 0.96 1.00 0.96 0.99 0.98 1.02 1.00 0.97 1.01 1.01 1.02 1.04 1.02 1.00 0.97 0.96 1.03 1.00 0.96 0.99 0.97 1.03 1.07 1.01 0.90 1.05 0.95 0.95 0.88 1.01 0.99 0.97 0.93 0.99 1.04 1.05 1.01 1.02 0.99 1.02 1.02 1.06 0.96 0.95 1.00 1.03 1.05 1.02
1.00 1.00 0.98 0.96 0.98 0.96 0.96 0.98 0.98 0.98 0.98 0.95 0.94 0.95 1.02 1.06 1.02 1.02 1.01 1.01 0.99 0.97 0.99 0.99 1.02 0.96 0.98 0.98 0.96 1.00 1.05 1.03 1.00 1.00 1.01 0.98 0.97 0.98 0.95 0.98 1.02 1.03 1.00 0.95 1.00 1.03 1.02 1.02 0.97 0.96 0.97 0.95 1.00 1.01 0.97 0.98 0.97 1.05 1.07 0.97 1.03 1.06 0.99 0.91 0.95 0.94 0.95 0.95 0.91 1.00 1.05 0.98 0.93 0.92 0.98 1.01 1.03 1.04 0.97 0.97 0.96 0.99 1.03 0.99
0.99 0.99 0.97 0.97 0.98 0.96 0.96 0.98 0.98 0.99 0.98 0.98 0.96 0.97 1.01 1.05 1.02 1.02 0.99 1.02 1.03 1.02 1.00 1.00 1.00 0.95 0.96 0.97 0.96 1.00 1.02 0.99 0.99 0.98 1.02 0.94 1.00 0.97 0.94 1.02 1.03 1.00 0.98 0.98 0.99 1.04 1.00 1.03 1.01 1.02 1.00 0.96 1.02 1.03 1.01 0.96 0.99 1.01 1.06 0.99 1.00 1.05 1.04 1.03 1.09 1.10 1.06 0.91 0.92 1.04 1.10 0.96 0.95 0.99 1.05 1.03 0.99 0.97 0.98 1.00 0.96 1.04 1.02 1.00
0.99 0.98 0.96 0.96 0.95 0.96 0.98 0.98 0.97 0.98 0.95 0.99 0.97 0.97 1.02 1.03 1.02 1.01 1.01 1.01 1.02 1.02 1.02 1.01 0.96 0.96 0.99 1.00 1.00 1.01 1.01 1.00 0.98 0.95 1.00 0.98 1.01 1.01 0.95 1.00 1.00 0.97 0.98 0.98 0.97 1.02 0.95 1.02 1.01 1.00 1.03 1.01 1.00 0.99 0.95 0.94 0.99 0.99 1.00 0.98 1.01 1.03 0.99 1.00 1.05 1.04 0.95 0.97 0.93 1.12 1.00 0.91 0.92 1.00 1.01 0.99 1.02 0.96 1.04 1.00 0.96 0.97 0.93 0.95
0.98 0.97 0.96 0.97 0.97 0.98 0.98 1.00 0.97 1.00 0.96 0.99 0.96 0.99 1.01 1.00 1.00 1.01 1.01 1.00 1.04 1.01 1.00 0.93 0.94 0.95 1.00 1.00 0.98 0.96 0.98 0.99 0.98 0.93 0.96 1.02 1.01 0.97 0.95 0.98 1.01 0.97 1.00 0.96 1.00 1.03 0.97 1.00 1.01 0.99 1.02 0.98 0.96 0.99 0.96 0.95 0.98 0.95 0.96 0.99 0.93 1.01 1.00 1.03 1.06 1.03 1.03 1.04 0.90 1.12 0.90 0.99 0.95 0.98 1.04 1.03 1.05 0.97 0.98 0.96 0.94 0.93 0.96 0.98
0.98 0.97 0.96 0.95 0.97 0.98 0.98 0.98 0.98 1.02 0.95 0.98 0.96 1.01 0.98 1.00 1.00 1.02 1.03 1.02 1.01 1.00 0.95 0.96 0.95 0.96 1.01 1.00 0.99 0.99 1.00 0.97 0.95 0.96 1.04 1.03 0.98 0.97 1.01 0.95 0.95 0.97 0.97 0.96 1.04 1.00 0.96 0.95 1.00 1.00 0.99 1.02 1.03 1.00 0.98 0.94 1.02 1.05 1.00 0.93 1.01 1.06 0.98 0.99 1.01 1.02 0.98 0.95 0.88 0.92 0.94 0.96 0.94 1.03 1.03 0.92 0.97 0.95 0.98 0.95 0.95 0.97 1.04 1.04
0.99 0.97 0.97 0.97 0.98 0.98 0.98 1.00 1.00 0.98 0.92 0.99 1.00 1.03 1.00 0.99 0.96 1.00 1.03 1.02 0.99 0.99 0.97 0.98 0.96 0.96 0.97 0.99 0.99 0.99 0.98 0.99 1.01 0.99 1.03 0.99 1.00 1.00 1.00 0.96 0.98 0.98 0.96 1.02 1.05 0.97 0.96 0.98 1.01 0.96 1.03 0.98 0.98 0.96 1.00 0.95 0.97 1.01 1.00 0.95 1.04 1.04 1.02 1.01 0.97 1.01 1.01 1.01 0.95 0.90 1.00 0.93 1.03 0.97 1.01 0.93 0.96 0.92 0.98 0.99 1.02 1.03 1.03 1.00
0.97 0.97 0.98 0.99 0.98 0.99 0.99 0.99 0.99 0.96 0.96 1.02 0.99 0.99 1.00 0.97 0.94 0.99 1.02 1.05 1.02 1.00 1.01 0.98 1.00 0.95 0.99 0.98 0.99 0.99 0.98 1.01 1.01 0.98 1.00 0.94 0.97 1.00 0.99 1.00 0.99 0.96 0.97 1.01 1.02 0.94 0.95 0.99 1.00 1.00 1.00 1.01 0.97 1.02 0.99 0.93 0.95 0.98 0.93 0.90 1.01 0.95 0.92 0.92 0.93 0.98 0.94 0.94 0.92 0.93 0.91 0.90 0.90 0.93 0.90 0.92 0.98 1.01 1.02 1.05 1.07 1.05 1.03 1.00
0.96 0.96 0.99 0.98 0.98 0.99 1.00 1.00 1.00 1.00 1.00 1.01 1.00 0.96 1.02 0.95 0.94 0.97 1.00 1.02 1.03 1.00 1.00 0.97 0.98 0.96 0.98 0.99 0.97 0.98 0.96 0.94 0.97 0.96 0.94 0.97 1.03 1.02 1.00 0.99 1.01 0.98 0.94 1.01 0.98 0.93 0.97 0.98 0.99 1.01 0.98 0.97 0.94 0.96 0.98 1.04 1.02 1.00 0.98 0.97 1.01 0.99 0.97 0.93 0.92 0.96 0.93 0.90 0.91 0.89 0.95 1.03 0.92 0.95 0.93 1.02 1.01 1.02 1.01 1.05 1.02 0.96 1.04 1.01
0.95 0.96 0.99 0.96 0.97 0.97 0.98 0.98 0.97 0.97 0.94 1.05 1.05 0.99 1.01 0.95 0.94 0.96 1.00 0.99 1.00 0.98 0.98 0.98 0.98 0.93 0.96 0.96 0.99 1.01 1.00 1.00 1.00 0.99 1.01 1.00 1.02 1.01 0.99 1.01 1.00 0.94 0.96 1.00 1.04 1.00 0.94 0.97 1.02 1.00 0.97 1.02 0.99 0.99 1.00 1.01 1.02 1.03 1.00 1.01 0.96 0.93 0.93 0.96 0.92 0.90 0.94 0.93 0.89 0.94 1.02 1.03 0.99 0.91 0.97 0.99 1.00 0.99 0.97 0.99 0.95 0.98 1.01 1.00
0.96 0.98 0.98 0.98 0.98 0.98 0.97 0.97 0.99 0.98 0.96 1.03 1.00 0.95 0.93 0.96 0.94 0.95 1.00 0.99 1.00 1.01 1.00 0.93 0.91 0.92 0.95 0.98 0.97 0.99 0.99 0.97 0.99 1.01 1.02 1.00 0.99 0.97 0.97 1.02 1.00 0.97 1.03 1.00 0.97 0.94 0.93 0.99 1.02 0.97 0.96 0.97 1.00 1.04 1.00 0.96 0.94 1.00 0.96 0.93 0.98 0.96 0.94 0.92 0.92 0.98 0.98 0.95 0.92 0.94 0.98 0.95 0.97 0.89 0.98 0.94 1.03 1.02 0.98 0.99 0.96 1.03 0.99 1.02
0.95 0.98 0.97 0.97 0.97 0.99 0.99 0.98 0.99 1.01 0.94 1.00 1.03 0.99 0.96 0.94 0.93 0.99 0.97 0.99 0.99 1.03 1.03 0.96 0.96 0.97 0.93 0.95 0.93 1.00 0.99 1.01 0.96 1.00 1.00 1.00 0.93 0.97 0.99 1.02 1.02 1.04 1.03 1.01 0.97 0.96 0.94 1.00 1.00 0.98 0.95 0.94 1.00 1.01 0.94 0.99 0.94 0.93 0.93 0.95 0.99 0.99 0.99 0.94 0.96 0.99 1.00 1.02 0.95 0.92 1.04 0.99 0.92 0.89 0.93 1.04 1.07 1.05 0.94 0.98 0.98 1.00 1.01 0.96
1.00 0.94 0.95 0.96 0.97 0.97 0.98 0.97 0.99 1.01 0.94 0.97 1.03 1.01 0.97 0.96 0.96 0.99 0.96 0.99 0.98 1.03 1.04 0.99 0.94 0.96 0.96 0.98 0.94 0.92 0.93 0.99 0.99 0.97 0.97 1.02 0.97 0.96 1.00 0.97 1.01 1.02 0.99 1.01 0.98 1.00 0.98 1.01 0.94 0.95 0.95 0.98 1.00 1.01 0.99 0.96 0.93 0.99 0.97 0.95 0.94 0.95 0.93 0.95 1.04 0.97 0.94 0.98 0.97 0.92 1.02 1.03 0.98 0.89 0.91 1.00 0.97 0.98 0.97 1.05 0.98 0.98 0.98 0.96
1.01 0.99 0.99 0.97 0.94 0.96 0.98 0.98 0.97 1.01 0.98 0.92 1.02 0.99 0.98 0.98 0.92 0.96 0.98 0.99 0.96 1.01 1.04 0.97 0.94 0.94 0.94 0.97 0.94 0.99 1.01 0.92 0.94 0.91 0.93 0.94 0.94 0.94 1.00 1.01 1.02 1.01 1.00 1.01 1.05 0.99 0.99 1.00 0.96 0.96 0.94 1.00 1.00 1.03 0.99 0.97 0.97 0.99 0.97 1.00 0.94 0.93 0.92 0.94 1.00 0.96 0.98 1.02 0.97 0.95 1.02 1.00 0.96 0.89 0.93 1.03 1.00 0.98 1.01 0.99 0.95 0.95 0.97 0.95
0.97 0.98 0.99 0.97 0.94 0.96 0.98 0.96 0.94 0.98 1.00 0.93 0.99 0.99 0.96 0.97 0.96 0.92 1.02 0.95 1.00 1.02 0.97 0.98 0.96 0.97 0.96 0.99 0.97 1.01 1.02 0.99 1.01 0.99 0.98 0.95 0.92 0.93 0.98 0.99 0.97 0.96 0.96 1.00 0.97 0.95 0.98 0.98 1.00 1.01 1.01 1.03 0.95 0.96 0.99 1.03 1.02 0.99 0.98 0.96 0.95 0.95 0.92 0.94 0.96 0.96 0.93 0.95 0.94 0.91 0.96 0.95 0.92 0.90 0.94 1.02 0.98 0.99 1.04 1.01 0.93 0.96 0.93 0.91
0.94 1.01 0.99 0.98 0.96 0.94 1.00 0.98 0.96 0.97 1.01 0.98 0.96 0.98 0.97 0.98 0.99 0.93 1.00 0.95 0.99 1.00 0.97 0.96 0.95 0.96 0.98 1.01 1.00 0.98 1.02 0.99 0.99 0.94 0.99 0.97 0.99 0.91 0.92 0.95 1.02 0.99 0.98 0.98 0.96 1.01 0.98 0.98 1.00 1.01 0.95 1.03 0.95 0.97 0.97 1.00 0.97 0.95 0.99 0.98 0.99 0.93 0.91 0.97 0.95 0.93 0.92 0.94 0.93 0.92 0.96 0.90 0.91 0.95 1.00 0.97 0.95 0.96 0.99 0.93 0.92 0.93 0.93 0.94
0.93 0.99 0.96 0.97 0.95 0.95 0.95 0.94 0.94 0.93 0.99 1.00 0.92 0.97 0.97 0.99 0.97 0.97 0.91 1.00 0.97 0.99 0.98 0.95 0.98 0.94 1.00 1.00 0.97 1.00 1.01 1.01 0.98 1.00 1.01 0.95 0.98 0.95 0.96 0.93 0.92 0.90 0.96 1.03 1.03 1.00 0.97 0.95 0.96 0.98 0.95 0.99 0.95 0.96 0.94 0.97 0.97 0.97 0.96 1.00 1.00 0.99 0.99 0.94 0.93 0.91 0.90 0.91 0.90 0.93 0.92 0.91 0.99 1.01 0.99 0.93 0.93 0.95 0.93 0.92 0.94 0.95 0.94 0.94
0.98 1.01 1.00 0.98 0.95 0.96 0.96 0.95 0.93 0.94 0.95 0.97 0.97 0.95 0.95 0.99 0.98 0.99 0.91 0.95 0.99 0.96 0.93 0.95 1.00 0.95 0.98 0.95 1.00 1.01 1.00 1.01 0.98 1.02 1.02 1.02 1.01 1.01 0.96 0.99 0.96 0.94 0.93 0.94 0.94 0.95 0.95 0.95 0.97 0.98 0.93 1.00 1.02 1.02 0.99 0.97 0.99 0.98 0.95 0.97 0.99 0.99 0.99 0.93 0.92 0.93 0.97 0.97 0.93 0.92 0.91 0.93 0.92 0.95 0.95 0.92 0.92 0.93 0.94 0.94 0.95 0.96 0.94 0.94
0.95 1.01 1.02 1.03 0.98 0.98 0.98 0.96 0.93 0.96 0.95 0.95 0.95 0.96 0.93 0.98 0.96 0.96 0.96 0.93 0.98 0.97 0.94 0.97 0.96 0.96 0.96 0.94 0.97 0.96 1.02 1.01 1.01 0.96 0.96 0.95 0.97 0.96 0.99 0.97 0.98 1.02 1.02 1.02 1.00 0.98 0.96 0.97 0.99 1.00 0.98 1.00 1.00 1.00 0.99 0.98 0.98 0.96 0.94 0.97 0.99 0.99 0.96 0.92 0.94 1.00 1.04 1.02 1.01 0.99 0.94 0.96 0.96 0.94 0.92 0.92 0.93 0.94 0.94 0.93 0.95 0.95 0.95 0.94
0.99 1.04 0.99 0.98 1.00 0.99 0.98 0.96 0.97 0.98 0.98 1.00 0.96 0.95 0.94 0.95 0.99 0.98 0.98 0.97 0.93 0.95 0.98 0.96 0.96 0.96 0.97 0.99 0.99 0.97 0.97 1.00 0.98 0.99 1.00 1.00 1.02 1.00 1.01 1.02 1.00 0.97 0.97 0.96 0.99 0.99 0.99 0.99 0.97 0.93 0.95 0.97 1.01 0.99 0.96 0.98 1.00 0.93 0.96 0.96 0.96 0.94 0.95 0.95 0.96 0.98 1.01 1.00 0.99 1.01 0.94 1.01 1.02 0.93 0.92 0.95 0.93 0.94 0.94 0.94 0.95 0.95 0.94 0.95
