Heavy_metals/usgrids5km/winde.asc
NCOLS 940
NROWS 592
XLLCORNER -2405000.000000
YLLCORNER 260000.000000
CELLSIZE 5000.000000
NODATA_VALUE -99999.000000
[rows 304 to 341 of 592, columns 252 to 335 of 940]
1.03 1.08 1.07 0.90 0.89 0.94 1.01 1.00 1.23 1.26 1.19 0.96 1.03 1.16 1.22 1.14 1.23 1.25 1.33 1.25 1.30 1.30 1.29 1.27 1.17 1.22 1.28 1.31 1.30 1.21 1.28 1.15 1.19 1.07 1.01 0.93 1.28 1.17 0.90 0.91 0.96 1.19 1.21 1.28 1.26 1.26 1.21 1.15 1.16 1.08 0.94 0.88 0.86 0.86 0.85 0.86 0.86 0.86 0.86 0.85 0.84 1.15 1.30 1.28 1.09 0.97 1.00 1.10 1.17 1.20 1.27 1.18 1.04 1.00 0.89 0.85 0.82 0.83 0.85 0.90 0.99 0.84 0.85 0.89
0.92 0.91 0.99 0.93 1.12 1.09 1.08 1.05 1.02 1.14 1.18 0.95 1.07 1.20 1.15 1.21 1.30 1.32 1.32 1.15 1.31 1.16 1.26 1.16 1.12 1.23 1.02 1.23 1.27 1.24 1.02 1.04 0.96 0.94 0.90 0.93 1.18 0.91 1.01 1.25 1.05 1.16 1.28 1.27 1.17 1.14 1.19 1.17 1.13 1.02 0.90 0.89 0.88 0.88 0.86 0.87 0.87 0.86 0.86 0.86 0.86 0.95 1.27 1.27 1.18 1.04 0.97 1.14 1.12 1.10 1.26 1.25 1.11 0.94 0.91 0.82 0.82 0.87 0.89 0.96 0.91 0.86 0.93 0.92
0.83 0.91 0.90 1.03 1.09 1.11 1.15 1.14 1.21 1.20 1.18 0.95 1.14 1.07 1.14 1.27 1.30 1.27 1.13 1.26 1.27 1.14 1.25 0.98 1.27 1.04 1.26 1.32 1.27 1.21 1.29 1.23 0.97 1.10 1.18 1.17 0.88 0.93 1.27 1.24 0.92 1.15 1.26 1.20 1.17 1.03 1.14 1.10 1.03 0.96 0.90 0.92 0.89 0.87 0.88 0.87 0.87 0.87 0.86 0.87 0.87 0.88 1.06 1.32 1.24 1.04 0.95 1.10 1.00 0.94 0.98 1.26 1.25 0.97 0.88 0.83 0.89 0.87 0.83 0.83 0.84 0.95 0.94 0.98
0.83 0.86 0.97 0.98 0.97 1.09 1.15 1.11 1.12 1.06 1.05 1.05 1.16 1.19 1.22 1.22 1.19 1.16 1.23 1.31 1.18 1.22 1.22 0.91 0.99 1.02 1.33 1.29 1.29 1.30 1.31 1.13 1.21 1.29 1.29 1.17 0.92 1.06 1.25 1.04 0.95 1.22 0.97 1.01 1.15 0.96 1.05 1.00 0.98 0.92 0.90 0.90 0.85 0.85 0.89 0.88 0.87 0.86 0.87 0.88 0.89 0.88 1.02 1.19 1.19 1.08 0.92 0.93 0.92 0.90 0.93 1.14 1.13 0.97 0.84 0.82 0.83 0.81 0.82 0.86 0.89 0.90 0.91 1.01
0.86 0.94 0.97 0.91 0.95 1.09 1.03 1.01 1.00 1.13 1.12 1.19 1.11 1.15 1.21 1.22 1.26 1.27 1.32 1.31 1.14 1.25 1.10 0.93 1.28 1.32 1.32 1.09 1.31 1.24 1.26 1.19 1.27 1.19 1.19 0.92 1.03 1.21 1.30 1.18 1.22 1.25 0.90 0.89 0.89 0.89 0.88 0.91 0.94 0.92 0.91 0.89 0.87 0.88 0.91 0.87 0.88 0.87 0.86 0.87 0.87 0.88 1.01 1.11 1.30 1.11 0.91 0.87 0.86 0.87 0.89 1.02 1.08 0.88 0.84 0.83 0.81 0.83 0.92 0.90 0.98 1.00 0.99 1.04
0.88 0.89 0.89 0.90 1.00 1.09 1.11 0.95 0.94 1.02 1.04 1.15 1.17 1.20 1.21 1.22 1.28 1.32 1.31 1.27 1.20 1.21 1.03 0.93 1.27 1.29 1.29 1.25 1.29 1.25 1.12 1.19 1.16 1.01 1.04 1.21 1.16 1.29 1.27 1.26 1.29 1.01 0.87 1.11 1.16 1.15 0.93 0.95 0.95 0.94 0.93 0.89 0.90 0.91 0.91 0.88 0.88 0.88 0.86 0.87 0.86 0.87 0.89 1.17 1.25 0.97 0.88 0.83 0.93 0.86 0.84 0.95 0.87 0.83 0.82 0.81 0.82 0.85 0.89 0.85 0.93 1.02 1.03 1.06
0.83 0.84 0.85 0.94 1.02 1.11 1.10 0.91 0.89 0.88 0.91 1.05 1.15 1.19 1.19 1.22 1.28 1.32 1.31 1.30 1.23 1.09 0.94 1.07 1.30 1.28 1.28 1.12 1.24 1.18 1.21 1.23 1.00 0.92 0.99 1.19 1.25 1.28 1.19 1.24 1.00 0.94 0.93 1.10 1.30 1.24 0.92 1.09 1.14 1.08 0.97 0.91 0.90 0.91 0.91 0.89 0.88 0.88 0.88 0.87 0.86 0.87 1.01 1.32 1.23 1.13 1.11 0.96 1.09 0.88 0.86 0.85 0.82 0.83 0.83 0.85 0.85 0.86 0.84 0.87 0.93 1.06 1.02 1.02
0.84 0.84 0.84 0.86 0.87 1.00 0.92 0.87 0.85 0.84 0.88 0.98 1.07 0.96 1.08 1.22 1.32 1.32 1.31 1.23 1.26 0.95 0.88 1.28 1.27 1.26 1.21 0.97 1.02 1.19 1.20 1.09 0.90 0.94 0.97 1.09 1.30 1.08 1.18 0.98 0.96 1.14 1.01 1.20 1.26 0.98 1.07 1.23 1.16 1.05 0.97 0.89 0.90 0.90 0.89 0.89 0.89 0.88 0.88 0.87 0.86 0.91 1.22 1.33 1.26 1.31 1.20 1.30 1.11 0.90 0.99 0.89 0.91 0.93 0.86 0.83 0.82 0.83 0.84 0.92 1.01 1.02 0.99 0.93
0.84 0.85 0.92 1.10 1.29 1.28 0.91 0.82 0.86 0.91 0.98 1.23 0.98 0.95 1.25 1.22 1.31 1.28 1.28 1.20 1.21 0.88 1.15 1.28 1.22 1.16 0.95 0.93 1.17 1.24 1.12 0.98 0.93 0.87 0.90 1.24 1.28 1.19 0.89 1.12 1.20 1.12 1.13 1.23 1.24 1.14 1.25 1.26 1.11 0.99 0.95 0.86 0.87 0.91 0.89 0.90 0.89 0.89 0.88 0.87 0.88 0.93 1.30 1.33 1.28 1.24 1.13 1.25 1.20 1.20 1.17 0.89 0.99 0.94 0.86 0.84 0.84 0.84 0.86 1.00 1.06 0.95 0.91 0.85
0.87 0.88 0.97 1.17 1.30 1.21 0.88 0.88 1.26 1.25 1.24 1.27 0.95 1.21 1.25 1.17 1.26 1.23 1.22 1.04 1.03 0.85 1.21 1.20 1.08 0.92 1.12 1.12 1.21 1.10 0.92 0.93 0.94 0.88 1.12 1.20 0.98 1.05 0.83 0.95 0.87 1.01 1.18 1.31 1.31 1.29 1.30 1.25 1.13 1.13 0.96 0.87 0.91 0.92 0.89 0.90 0.89 0.89 0.88 0.87 0.89 0.96 1.27 1.28 1.22 1.15 0.97 1.13 1.22 1.13 0.95 0.86 0.87 0.84 0.84 0.86 0.86 0.88 0.90 1.00 0.98 0.88 0.88 0.85
0.85 0.85 0.93 1.15 1.21 0.97 0.84 1.15 1.26 1.18 1.22 1.23 1.06 1.23 1.18 1.25 1.23 1.24 1.19 1.05 1.00 0.89 1.07 1.06 1.06 0.94 1.11 1.06 1.20 1.15 0.88 1.16 1.10 0.91 0.98 0.98 0.92 0.85 0.84 0.87 0.94 1.20 1.27 1.29 1.12 1.01 1.26 1.21 1.12 1.24 0.98 0.88 0.91 0.92 0.91 0.91 0.89 0.89 0.88 0.88 0.90 0.91 1.03 1.11 1.07 1.03 0.92 1.05 1.22 0.90 0.83 0.81 0.81 0.84 0.88 0.93 0.96 0.89 0.94 1.02 1.02 0.99 0.97 0.89
0.86 0.90 0.96 1.02 0.95 0.85 0.83 1.15 1.20 1.09 1.10 1.15 0.96 1.22 1.16 1.16 1.08 1.15 1.16 1.02 0.94 0.91 0.92 0.95 0.96 0.91 0.92 0.91 1.07 0.94 0.91 1.20 0.99 0.91 0.88 0.87 0.83 0.83 0.95 0.95 1.06 1.23 1.27 1.23 1.04 1.25 1.10 0.98 1.04 0.95 0.90 0.87 0.89 0.90 0.90 0.91 0.90 0.89 0.88 0.88 0.90 0.91 0.94 1.03 0.94 0.88 0.93 1.20 1.17 0.98 0.82 0.81 0.94 0.95 1.01 0.96 0.99 0.91 0.98 1.00 1.02 0.96 0.94 0.87
0.99 0.88 0.92 0.89 0.89 0.84 0.94 1.22 1.14 1.01 0.91 1.03 1.06 1.16 1.08 1.07 1.13 1.12 1.22 1.00 0.87 0.89 0.93 0.91 0.91 0.85 0.87 1.05 1.13 0.96 1.11 1.11 0.84 0.84 0.85 0.84 0.82 0.87 0.92 1.18 1.13 1.23 1.21 0.99 1.00 1.18 1.25 1.21 1.09 1.00 0.90 0.88 0.88 0.89 0.89 0.90 0.90 0.90 0.88 0.89 0.91 0.91 0.93 0.93 0.95 0.96 1.15 1.20 1.21 1.20 0.86 0.92 1.09 1.04 0.99 0.91 1.05 0.95 0.91 0.91 0.87 0.86 0.86 0.86
0.88 0.86 0.86 0.87 0.85 0.85 0.92 1.16 0.92 0.89 0.91 1.11 1.12 1.10 1.00 1.00 1.08 1.10 1.22 0.97 0.83 0.89 0.90 0.88 0.87 0.85 0.88 1.22 1.22 0.87 0.82 0.82 0.81 0.84 0.88 0.82 0.82 0.87 0.96 1.21 0.85 1.24 1.24 1.30 1.28 1.10 1.18 1.08 1.03 0.91 0.87 0.88 0.87 0.87 0.87 0.88 0.89 0.89 0.87 0.88 0.90 0.92 0.95 0.94 1.03 1.11 1.18 1.22 1.29 1.12 1.02 1.28 1.29 1.15 1.03 1.01 1.05 0.89 0.88 0.89 0.85 0.84 0.86 0.89
0.84 0.86 0.88 0.87 0.85 1.12 1.00 1.09 0.90 0.93 0.93 1.10 1.17 1.15 0.98 0.98 1.02 1.07 1.02 0.91 0.83 0.88 0.90 0.93 0.88 0.87 0.90 1.15 0.96 0.82 0.83 0.86 0.92 0.99 0.99 0.81 0.83 0.85 0.90 0.94 0.92 1.20 1.22 1.14 1.17 0.98 1.12 1.03 1.00 0.89 0.85 0.87 0.86 0.86 0.86 0.86 0.88 0.92 0.87 0.89 0.98 0.94 0.98 0.99 1.02 1.17 1.23 1.28 1.31 1.17 1.30 1.30 1.23 1.12 0.94 0.89 0.88 0.90 0.85 0.86 0.87 0.92 0.96 0.94
0.86 0.95 1.00 0.95 0.97 1.08 1.13 1.20 1.14 1.15 1.12 1.17 1.19 1.20 0.93 0.90 0.88 0.90 0.93 0.92 0.84 0.95 1.15 1.08 0.90 0.87 0.88 1.18 0.89 0.83 1.03 1.17 0.96 0.84 0.85 0.83 0.85 0.91 0.91 1.18 1.26 1.15 1.21 1.28 1.24 0.89 1.14 1.05 1.03 0.89 0.88 0.92 0.87 0.86 0.86 0.87 0.94 1.00 0.95 1.06 1.07 0.93 0.96 1.00 1.10 1.23 1.28 1.28 1.33 1.26 1.25 1.16 1.05 0.95 0.87 0.82 0.87 0.96 0.87 0.93 0.91 0.85 0.90 0.92
0.87 0.84 0.91 0.93 0.95 1.03 0.98 0.92 0.92 1.22 1.19 1.21 1.15 1.16 0.90 0.86 0.86 1.05 1.04 0.88 0.94 1.04 1.16 1.10 0.88 0.87 0.86 0.93 0.82 1.13 1.03 0.87 0.83 0.86 0.84 0.80 0.93 0.88 0.99 1.25 1.22 0.93 1.30 1.29 1.12 1.18 1.14 1.07 0.91 0.86 0.97 0.91 0.85 0.85 0.87 0.88 1.08 1.01 0.99 0.95 0.92 0.92 0.99 1.02 1.12 1.21 1.28 1.28 1.33 1.26 1.12 1.07 1.02 0.94 0.90 0.87 0.94 0.94 0.86 0.85 0.86 0.84 0.87 0.87
0.91 0.83 0.88 0.86 0.86 0.93 0.90 1.06 1.07 1.20 1.16 1.08 1.06 1.00 0.86 0.85 0.93 1.13 0.96 0.86 1.03 1.15 1.04 0.98 0.95 0.90 0.87 0.81 0.80 0.80 0.82 0.81 0.87 0.82 0.84 0.86 0.96 0.89 0.92 1.02 1.06 0.92 1.32 1.10 1.28 1.23 0.87 1.01 1.00 0.98 0.99 0.87 0.86 0.85 0.87 0.88 1.09 0.93 0.88 0.88 0.91 0.92 0.99 1.01 1.12 1.17 1.23 1.31 1.32 1.25 1.09 1.01 0.94 0.91 0.92 0.92 0.92 0.96 0.99 1.04 0.84 0.83 0.85 0.85
0.88 0.86 0.90 0.90 0.88 0.91 0.91 1.00 1.05 0.97 0.93 0.88 0.89 0.88 0.85 0.93 1.06 0.98 0.84 0.83 0.93 1.09 0.91 1.01 1.07 0.89 0.91 0.81 1.00 1.09 1.10 0.83 0.91 0.90 1.12 1.20 1.15 0.85 0.83 0.89 0.87 1.12 1.24 0.97 1.26 1.16 1.08 1.13 1.04 0.87 0.99 0.87 0.85 0.85 0.86 0.91 1.11 0.87 0.87 0.90 0.91 0.91 1.11 1.11 1.11 1.21 1.26 1.32 1.30 1.20 1.03 0.98 0.93 0.98 0.88 0.88 0.85 0.85 0.84 0.84 0.80 0.85 0.86 0.84
0.88 0.90 0.88 0.93 0.88 0.90 0.94 0.94 1.02 0.93 0.88 0.89 1.04 0.88 0.94 1.04 0.95 0.86 0.82 0.88 1.07 0.97 0.86 0.99 0.90 0.89 0.87 0.81 0.88 0.91 0.93 0.87 0.92 0.97 0.88 1.00 0.88 0.87 1.13 1.01 1.20 1.13 1.16 0.93 1.18 1.12 1.20 1.15 1.05 0.85 0.86 0.84 0.84 0.84 0.87 0.98 1.02 0.85 0.88 0.89 0.88 0.89 1.16 1.11 1.12 1.20 1.27 1.33 1.28 1.14 1.05 1.06 0.87 0.85 0.83 0.85 0.82 0.80 0.79 0.78 0.81 0.86 0.84 0.82
0.89 0.88 0.88 0.98 0.88 0.88 0.91 0.89 0.91 0.88 0.87 0.96 1.06 0.86 0.97 0.90 0.85 0.84 0.88 1.04 1.07 0.92 0.98 0.88 0.91 0.84 0.83 0.84 0.90 0.90 0.91 0.90 0.91 0.94 0.95 0.86 0.85 0.89 1.16 1.02 1.18 1.05 0.96 0.90 1.07 1.24 1.24 1.01 1.05 0.93 0.96 0.88 0.85 0.85 0.88 0.85 0.86 0.84 0.87 0.86 0.88 0.90 1.19 1.05 1.18 1.25 1.32 1.33 1.24 1.14 1.04 1.03 0.88 0.91 0.82 0.84 0.81 0.79 0.81 0.82 1.05 0.86 0.86 0.84
0.92 0.86 0.95 1.00 0.91 0.89 0.90 0.88 0.91 0.92 0.89 0.88 0.92 0.88 0.89 0.89 0.90 0.95 1.03 1.10 0.94 0.84 0.83 0.81 0.84 0.83 0.86 0.86 0.88 0.90 1.02 0.96 0.95 1.10 1.06 1.07 1.17 1.10 1.13 0.94 0.98 0.97 0.85 1.02 1.26 1.27 1.25 1.16 1.13 0.86 0.83 0.87 0.87 0.86 0.87 0.86 0.90 0.84 0.85 0.86 0.88 0.92 1.10 1.06 1.24 1.31 1.32 1.27 1.23 1.17 0.96 1.02 0.97 0.88 0.98 1.03 0.87 0.82 0.94 0.89 1.25 0.89 0.84 0.81
0.93 0.90 1.02 0.92 0.89 0.86 0.91 0.91 0.96 0.95 0.93 0.92 0.92 0.88 0.87 0.92 0.90 0.87 0.87 0.89 0.82 0.82 0.89 0.85 0.92 0.99 0.87 0.93 0.86 1.03 1.18 1.06 1.10 1.14 1.08 1.08 1.18 1.00 1.17 1.12 0.93 0.89 0.84 1.04 1.20 1.23 1.24 1.21 1.16 1.10 1.03 0.91 0.92 0.87 0.86 0.85 0.86 0.85 1.12 0.87 0.88 1.06 1.07 1.19 1.31 1.31 1.28 1.23 1.14 1.16 1.13 1.15 1.05 1.00 1.07 0.86 0.87 0.94 0.99 0.94 1.25 1.08 1.10 0.99
1.02 0.94 0.92 0.88 0.90 0.94 1.08 0.88 0.93 0.98 1.01 1.01 1.09 1.11 0.91 0.87 0.85 0.85 0.85 0.84 0.83 0.90 1.05 1.09 1.01 1.01 0.96 0.92 0.90 1.18 1.21 1.07 1.07 1.09 1.17 1.22 1.17 1.16 1.18 1.16 0.96 0.90 0.86 0.95 1.25 1.28 1.21 1.19 1.06 1.00 0.98 0.93 1.14 0.87 0.85 0.84 0.84 0.84 0.90 0.82 0.87 1.15 1.07 1.23 1.31 1.21 1.25 1.19 1.03 1.13 1.11 1.09 1.06 1.02 1.04 0.99 1.09 1.11 1.12 1.08 1.22 1.13 1.19 1.16
1.12 0.93 0.89 0.92 0.94 0.90 0.87 0.89 0.98 1.02 1.03 1.03 1.08 1.12 0.91 0.98 0.99 0.91 1.01 0.87 0.94 0.91 0.85 0.96 1.05 1.00 0.89 0.92 0.95 1.04 1.06 0.92 0.97 1.12 1.07 1.13 1.13 1.20 1.15 1.17 1.12 0.87 0.86 1.11 1.22 1.28 1.20 1.21 1.14 1.12 1.09 1.02 1.05 0.88 0.83 0.81 0.84 0.85 0.82 0.82 0.89 1.19 1.22 1.17 1.31 1.19 1.29 1.16 1.01 1.13 1.01 1.02 1.06 1.06 1.00 1.02 1.03 1.06 1.08 1.05 1.16 0.98 0.88 0.91
1.21 1.02 1.02 1.02 0.90 0.90 0.87 0.90 0.94 0.99 1.05 1.11 1.13 1.06 0.93 1.00 1.08 0.95 0.99 0.92 1.16 1.04 0.85 1.00 0.91 0.97 0.98 0.94 0.97 1.20 1.18 1.05 1.06 1.03 1.05 1.23 0.99 1.05 0.95 0.92 1.02 0.85 0.87 0.95 1.08 1.22 1.16 1.27 1.17 1.14 1.13 1.01 0.89 0.87 0.81 0.81 0.84 0.83 0.81 0.84 0.98 1.26 1.26 1.17 1.24 1.21 1.29 1.18 1.04 1.13 1.03 0.96 1.03 1.03 0.99 1.09 1.02 1.03 1.00 0.91 0.86 0.86 1.16 1.17
1.17 1.09 1.04 1.02 0.91 0.92 0.87 0.89 0.91 0.98 1.02 1.13 1.14 1.03 0.95 0.98 1.08 1.00 1.02 1.11 1.09 1.06 0.95 1.11 1.02 1.01 0.91 0.90 1.03 1.17 1.16 1.10 1.07 1.14 1.18 1.19 1.03 1.10 0.95 0.87 0.87 0.86 0.91 1.09 1.25 1.23 1.27 1.24 1.16 1.04 1.09 1.03 0.90 0.98 0.84 0.93 1.04 0.83 0.82 0.85 1.14 1.31 1.29 1.25 1.27 1.22 1.27 1.11 1.05 1.11 1.01 0.96 0.95 0.91 0.97 1.06 1.04 0.98 0.91 0.84 0.84 0.85 1.09 1.09
1.07 1.01 0.96 0.93 0.93 0.88 0.88 0.91 0.95 1.04 1.09 1.17 1.16 1.01 0.99 1.01 1.08 1.11 1.19 1.18 1.11 0.95 0.93 0.98 1.08 1.05 0.90 0.94 1.09 1.03 0.95 0.93 0.95 1.00 1.07 1.10 0.93 0.98 1.14 0.89 0.93 0.91 1.08 1.10 1.17 1.19 1.29 1.21 1.19 1.12 1.05 1.04 0.92 0.96 0.88 0.82 0.83 0.81 1.02 0.83 1.18 1.22 1.22 1.21 1.25 1.17 1.26 1.07 1.00 1.07 1.03 1.00 0.91 0.88 0.97 1.01 0.92 0.99 0.92 0.84 0.82 0.82 0.90 1.08
1.07 1.02 0.97 0.91 0.92 0.89 0.93 0.95 0.99 1.08 1.13 1.20 1.14 1.03 1.04 1.05 1.09 1.12 1.16 1.10 1.01 0.94 1.14 0.96 0.99 1.04 1.03 0.95 1.02 1.10 1.10 1.12 1.07 1.06 1.12 1.19 1.03 1.22 1.15 0.85 0.87 0.89 0.91 0.93 1.07 1.25 1.30 1.24 1.14 1.15 1.00 1.03 0.93 0.93 0.88 0.86 0.91 0.79 0.80 0.83 1.00 1.09 1.21 1.14 1.18 1.19 1.18 1.09 1.04 1.03 1.02 1.02 0.97 0.90 1.01 1.05 0.93 0.97 0.82 0.81 0.81 0.83 0.86 0.86
1.05 1.00 0.93 0.92 0.95 0.91 0.92 0.91 0.93 0.98 1.07 1.18 1.14 1.12 1.06 1.08 1.09 1.13 1.18 1.18 1.08 0.99 1.21 1.03 1.09 1.04 0.98 0.98 1.12 0.99 1.03 1.04 1.04 1.07 1.17 1.27 0.97 0.95 0.88 0.86 0.90 0.91 0.95 1.05 1.18 1.29 1.31 1.23 1.09 1.10 1.06 1.03 0.93 0.89 0.86 0.88 0.85 0.79 0.83 1.09 1.18 1.28 1.27 1.19 1.01 1.15 1.16 1.05 1.02 0.97 1.07 0.97 0.94 0.91 1.03 1.08 0.88 0.84 0.80 0.80 0.82 0.84 0.94 1.01
1.07 0.96 0.92 0.89 0.89 0.89 0.87 0.91 0.95 1.06 1.11 1.15 1.16 1.13 1.08 1.11 1.14 1.16 1.15 1.17 0.99 0.99 1.23 0.99 1.16 1.10 1.10 0.96 0.96 1.09 1.12 1.17 1.19 1.16 1.20 1.21 1.16 1.11 1.21 0.96 1.00 0.99 0.99 1.11 1.19 1.25 1.25 1.24 1.15 0.92 1.08 0.92 0.94 0.87 0.85 0.85 0.82 0.79 0.83 1.14 1.19 1.23 1.24 1.21 0.91 1.21 1.18 1.04 0.99 0.98 1.00 0.96 0.93 0.91 0.93 0.92 0.84 0.83 0.81 0.90 0.97 0.98 0.93 1.01
1.06 0.96 0.91 0.89 0.92 0.90 0.88 0.94 0.96 1.00 1.03 1.06 1.06 1.00 1.01 1.07 1.17 1.20 1.19 1.18 0.99 1.16 1.22 1.02 1.19 1.05 0.94 1.01 1.12 1.16 1.14 1.14 1.15 1.15 1.17 1.22 1.17 1.15 1.23 0.99 1.11 1.00 1.00 1.05 1.13 1.24 1.29 1.23 1.15 0.92 1.11 0.86 0.92 0.89 0.86 0.87 0.81 0.80 0.84 0.90 1.08 1.29 1.31 1.20 0.90 1.12 1.26 0.97 1.04 1.01 0.89 0.98 0.94 0.89 0.86 0.85 0.83 0.82 0.81 0.86 0.83 0.92 0.89 1.05
1.07 1.05 0.90 0.91 0.89 0.87 0.90 0.95 0.96 0.96 0.95 0.98 1.03 1.01 1.04 1.01 1.14 1.17 1.21 1.20 1.09 1.14 1.21 1.17 1.17 0.99 1.05 1.08 1.10 1.15 1.18 1.08 1.02 1.07 1.16 1.14 0.91 0.99 1.17 1.08 1.18 1.18 1.15 1.03 1.13 1.23 1.26 1.20 1.13 1.02 1.02 0.86 0.85 0.89 0.85 0.84 0.80 0.82 0.86 0.86 1.18 1.26 1.24 1.12 0.86 1.00 1.08 1.06 1.04 1.01 0.96 1.03 0.91 0.86 0.85 0.86 0.84 0.83 0.83 0.87 0.87 0.93 0.99 1.11
1.19 1.15 0.98 0.93 0.91 0.89 0.90 0.96 0.96 0.98 1.06 0.97 0.98 0.97 1.01 1.03 1.17 1.19 1.23 1.17 1.16 1.15 1.19 1.20 1.20 1.12 1.01 0.96 0.98 0.99 0.96 0.96 1.01 1.12 1.19 1.05 0.92 1.14 1.21 0.93 1.22 1.25 1.12 0.98 1.23 1.27 1.27 1.11 1.11 1.10 0.87 0.83 0.81 0.90 0.85 0.86 0.81 0.83 0.84 0.83 1.08 1.13 1.06 1.07 0.85 1.10 1.24 1.23 1.02 0.92 0.88 0.85 0.85 0.86 0.86 0.86 0.85 0.83 0.85 0.89 0.92 1.05 1.08 1.10
1.26 1.16 1.06 0.92 0.91 0.88 0.91 0.95 0.96 0.95 1.04 1.03 1.11 1.09 1.11 1.10 1.17 1.18 1.12 1.11 1.18 1.17 1.17 1.21 1.10 1.03 1.05 1.03 1.09 1.16 1.14 1.11 1.02 1.11 1.13 0.94 0.94 1.19 1.26 1.15 0.86 1.02 0.91 1.02 1.19 1.16 1.20 0.97 0.94 0.90 0.82 0.83 0.81 0.92 0.85 0.83 0.79 0.81 0.80 0.82 1.03 1.19 0.90 0.99 0.86 1.13 1.22 1.23 1.06 1.00 0.87 0.85 0.86 0.86 0.86 0.84 0.85 0.83 0.90 0.93 0.89 0.97 1.06 1.07
1.28 1.17 0.99 0.89 0.88 0.87 0.90 1.01 0.99 0.95 1.16 1.02 1.02 1.04 1.08 1.07 1.08 1.12 1.10 1.12 1.15 1.16 1.19 1.18 1.18 1.14 1.07 1.02 1.13 1.18 1.18 1.14 1.11 1.11 1.00 1.02 1.12 1.24 1.28 1.18 1.14 0.88 0.85 0.85 1.03 0.99 1.01 0.91 0.85 0.86 0.82 0.82 0.82 0.93 0.83 0.79 0.79 0.82 0.82 0.90 1.09 1.12 1.02 1.07 0.92 1.16 1.16 1.10 1.05 0.94 0.86 0.87 0.86 0.86 0.87 0.86 0.89 0.83 0.85 0.85 0.91 0.98 1.06 1.04
1.30 1.18 1.00 0.89 0.88 0.88 0.89 0.93 0.94 0.95 1.02 0.96 0.99 1.09 1.05 1.10 1.07 1.09 1.11 1.14 1.16 1.16 1.12 1.15 1.21 1.16 1.11 1.04 1.10 1.19 1.20 1.15 1.15 1.07 1.09 1.16 1.16 1.24 1.25 1.24 1.02 0.83 0.84 0.84 1.04 0.95 0.90 0.84 0.83 0.84 0.80 0.81 0.83 0.94 0.82 0.79 0.84 0.89 0.86 1.04 1.17 1.16 1.16 1.18 1.08 1.25 1.18 1.13 1.08 0.89 0.82 0.82 0.84 0.86 0.85 0.86 0.89 0.84 0.87 0.92 0.96 0.93 1.07 1.04
1.31 1.23 1.02 0.89 0.88 0.89 0.91 0.98 0.97 0.96 0.98 1.04 0.99 1.05 1.02 1.15 1.05 1.09 1.10 1.12 1.18 1.17 1.13 1.15 1.16 1.20 1.17 1.11 1.10 1.14 1.11 1.11 1.15 1.02 1.13 1.25 1.27 1.25 1.11 0.97 0.85 0.85 0.93 1.04 0.87 0.82 0.81 0.82 0.84 0.82 0.79 0.82 0.89 0.86 0.78 0.86 1.15 1.23 0.95 1.10 1.22 1.26 1.25 1.25 1.03 1.17 1.13 1.04 1.04 0.97 0.84 1.02 0.92 0.92 0.87 0.85 0.85 0.84 0.88 0.93 0.92 0.93 1.07 1.03
