Heavy_metals_comparison/usgrids5km/dairp.asc
NCOLS 940
NROWS 592
XLLCORNER -2405000
YLLCORNER 260000
CELLSIZE 5000
NODATA_VALUE -1
[rows 72 to 107 of 592, columns 0 to 80 of 940]
0 0 0 0 0 0 0 0 0 0 0 0 0 0 0 0 0 0 0 0 0 0 0 0 0 0 0 0 0 0 0 0 0 0 0 0 0 0 0 0 0 0 0 0.001 0.001 0.001 0.001 0.001 0.001 0.002 0.002 0.003 0.004 0.005 0.006 0.008 0.009 0.011 0.014 0.016 0.019 0.022 0.025 0.027 0.03 0.033 0.035 0.037 0.039 0.04 0.041 0.041 0.041 0.04 0.038 0.036 0.034 0.032 0.029 0.027 0.024
0 0 0 0 0 0 0 0 0 0 0 0 0 0 0 0 0 0 0 0 0 0 0 0 0 0 0 0 0 0 0 0 0 0 0 0 0 0 0 0.001 0.001 0.001 0.001 0.001 0.001 0.001 0.001 0.002 0.002 0.002 0.003 0.004 0.005 0.006 0.008 0.01 0.012 0.014 0.017 0.02 0.023 0.027 0.03 0.034 0.037 0.04 0.043 0.045 0.047 0.048 0.049 0.049 0.048 0.047 0.045 0.042 0.039 0.036 0.033 0.03 0.027
0 0 0 0 0 0 0 0 0 0 0 0 0 0 0 0 0 0 0 0 0 0 0 0 0 0 0 0 0 0 0 0 0 0 0 0.001 0.001 0.001 0.001 0.001 0.001 0.001 0.001 0.001 0.001 0.001 0.002 0.002 0.002 0.003 0.004 0.005 0.006 0.008 0.01 0.012 0.014 0.017 0.021 0.024 0.028 0.032 0.037 0.041 0.045 0.048 0.052 0.054 0.056 0.058 0.058 0.058 0.057 0.055 0.052 0.049 0.046 0.042 0.038 0.034 0.03
0 0 0 0 0 0 0 0 0 0 0 0 0 0 0 0 0 0 0 0 0 0 0 0 0 0 0 0 0 0 0 0 0.001 0.001 0.001 0.001 0.001 0.001 0.001 0.001 0.001 0.001 0.001 0.002 0.002 0.002 0.002 0.003 0.003 0.004 0.005 0.006 0.008 0.009 0.012 0.014 0.017 0.021 0.025 0.029 0.034 0.039 0.044 0.049 0.053 0.058 0.061 0.064 0.067 0.068 0.069 0.068 0.067 0.064 0.061 0.057 0.053 0.048 0.043 0.039 0.034
0 0 0 0 0 0 0 0 0 0 0 0 0 0 0 0 0 0 0 0 0 0 0 0 0 0 0 0 0 0 0.001 0.001 0.001 0.001 0.001 0.001 0.001 0.001 0.002 0.002 0.002 0.002 0.002 0.002 0.002 0.003 0.003 0.003 0.004 0.005 0.006 0.007 0.009 0.011 0.014 0.017 0.021 0.025 0.03 0.035 0.04 0.046 0.052 0.057 0.063 0.068 0.072 0.075 0.078 0.079 0.08 0.079 0.077 0.074 0.07 0.066 0.061 0.055 0.05 0.044 0.038
0 0 0 0 0 0 0 0 0 0 0 0 0 0 0 0 0 0 0 0 0 0 0 0 0 0 0 0 0 0.001 0.001 0.001 0.001 0.001 0.001 0.002 0.002 0.002 0.002 0.002 0.002 0.003 0.003 0.003 0.003 0.004 0.004 0.004 0.005 0.006 0.008 0.009 0.011 0.014 0.017 0.021 0.025 0.03 0.035 0.041 0.047 0.054 0.06 0.067 0.073 0.078 0.083 0.087 0.09 0.091 0.092 0.091 0.088 0.085 0.08 0.075 0.069 0.063 0.056 0.049 0.043
0 0 0 0 0 0 0 0 0 0 0 0 0 0 0 0 0 0 0 0 0 0 0 0 0 0 0 0.001 0.001 0.001 0.001 0.001 0.001 0.002 0.002 0.002 0.003 0.003 0.003 0.003 0.003 0.004 0.004 0.004 0.004 0.005 0.005 0.006 0.007 0.008 0.009 0.011 0.014 0.016 0.02 0.024 0.029 0.035 0.041 0.047 0.055 0.062 0.069 0.077 0.083 0.09 0.095 0.099 0.102 0.104 0.104 0.103 0.1 0.096 0.091 0.084 0.077 0.07 0.063 0.055 0.048
0 0 0 0 0 0 0 0 0 0 0 0 0 0 0 0 0 0 0 0 0 0 0 0 0 0 0.001 0.001 0.001 0.001 0.001 0.002 0.002 0.002 0.003 0.003 0.003 0.004 0.004 0.004 0.005 0.005 0.005 0.006 0.006 0.006 0.007 0.007 0.008 0.01 0.011 0.013 0.016 0.019 0.023 0.028 0.034 0.04 0.047 0.054 0.062 0.07 0.079 0.087 0.094 0.101 0.107 0.112 0.115 0.116 0.116 0.115 0.111 0.107 0.101 0.094 0.086 0.078 0.069 0.061 0.053
0 0 0 0 0 0 0 0 0 0 0 0 0 0 0 0 0 0 0 0 0 0 0 0 0 0.001 0.001 0.001 0.001 0.002 0.002 0.002 0.003 0.003 0.004 0.004 0.005 0.005 0.006 0.006 0.006 0.007 0.007 0.007 0.008 0.008 0.009 0.009 0.011 0.012 0.014 0.016 0.019 0.023 0.027 0.032 0.039 0.046 0.053 0.061 0.07 0.079 0.088 0.097 0.105 0.113 0.119 0.124 0.127 0.129 0.128 0.126 0.123 0.117 0.11 0.103 0.094 0.085 0.075 0.066 0.057
0 0 0 0 0 0 0 0 0 0 0 0 0 0 0 0 0 0 0 0 0 0 0 0 0.001 0.001 0.001 0.001 0.002 0.002 0.003 0.003 0.004 0.004 0.005 0.006 0.006 0.007 0.007 0.008 0.008 0.009 0.009 0.01 0.01 0.011 0.011 0.012 0.013 0.015 0.017 0.019 0.022 0.026 0.031 0.037 0.044 0.051 0.06 0.069 0.078 0.088 0.098 0.107 0.116 0.124 0.131 0.136 0.139 0.14 0.14 0.137 0.133 0.127 0.119 0.111 0.101 0.091 0.081 0.071 0.061
0 0 0 0 0 0 0 0 0 0 0 0 0 0 0 0 0 0 0 0 0 0 0 0.001 0.001 0.001 0.001 0.002 0.002 0.003 0.003 0.004 0.005 0.006 0.007 0.007 0.008 0.009 0.01 0.011 0.011 0.012 0.012 0.013 0.013 0.014 0.014 0.015 0.016 0.018 0.02 0.023 0.026 0.03 0.036 0.042 0.049 0.057 0.066 0.076 0.086 0.097 0.107 0.117 0.126 0.135 0.141 0.147 0.15 0.151 0.15 0.147 0.142 0.136 0.128 0.118 0.108 0.097 0.086 0.075 0.065
0 0 0 0 0 0 0 0 0 0 0 0 0 0 0 0 0 0 0 0 0 0 0.001 0.001 0.001 0.001 0.002 0.002 0.003 0.004 0.004 0.005 0.006 0.007 0.008 0.01 0.011 0.012 0.013 0.014 0.014 0.015 0.016 0.016 0.017 0.017 0.018 0.019 0.02 0.022 0.024 0.027 0.03 0.035 0.04 0.047 0.054 0.063 0.073 0.083 0.094 0.105 0.115 0.126 0.136 0.144 0.151 0.156 0.16 0.161 0.159 0.156 0.15 0.143 0.134 0.124 0.113 0.102 0.09 0.079 0.068
0 0 0 0 0 0 0 0 0 0 0 0 0 0 0 0 0 0 0 0 0 0.001 0.001 0.001 0.001 0.002 0.002 0.003 0.004 0.005 0.006 0.007 0.008 0.009 0.011 0.012 0.014 0.015 0.016 0.017 0.018 0.019 0.02 0.021 0.021 0.022 0.022 0.023 0.024 0.026 0.028 0.031 0.035 0.039 0.045 0.052 0.06 0.069 0.079 0.089 0.101 0.112 0.123 0.134 0.144 0.152 0.159 0.165 0.168 0.168 0.167 0.163 0.157 0.149 0.139 0.129 0.117 0.105 0.093 0.081 0.07
0 0 0 0 0 0 0 0 0 0 0 0 0 0 0 0 0 0 0 0 0 0.001 0.001 0.001 0.002 0.002 0.003 0.004 0.005 0.006 0.007 0.009 0.01 0.012 0.014 0.015 0.017 0.019 0.02 0.022 0.023 0.024 0.025 0.026 0.027 0.027 0.028 0.029 0.03 0.031 0.033 0.036 0.04 0.045 0.05 0.057 0.065 0.075 0.085 0.095 0.107 0.118 0.13 0.141 0.151 0.159 0.166 0.171 0.174 0.174 0.172 0.168 0.161 0.153 0.143 0.132 0.12 0.107 0.095 0.082 0.071
0 0 0 0 0 0 0 0 0 0 0 0 0 0 0 0 0 0 0 0 0.001 0.001 0.001 0.002 0.002 0.003 0.004 0.005 0.006 0.007 0.009 0.011 0.013 0.015 0.017 0.019 0.021 0.023 0.025 0.027 0.029 0.03 0.031 0.032 0.033 0.033 0.034 0.035 0.036 0.037 0.039 0.042 0.046 0.05 0.056 0.063 0.071 0.08 0.09 0.101 0.112 0.124 0.135 0.146 0.156 0.164 0.171 0.175 0.178 0.178 0.175 0.171 0.164 0.155 0.144 0.133 0.121 0.108 0.095 0.083 0.071
0 0 0 0 0 0 0 0 0 0 0 0 0 0 0 0 0 0 0 0.001 0.001 0.001 0.001 0.002 0.003 0.003 0.004 0.006 0.007 0.009 0.011 0.013 0.015 0.018 0.02 0.023 0.026 0.028 0.031 0.033 0.035 0.037 0.038 0.039 0.04 0.041 0.041 0.042 0.043 0.044 0.046 0.048 0.052 0.056 0.062 0.068 0.076 0.085 0.095 0.106 0.117 0.128 0.139 0.15 0.159 0.167 0.174 0.178 0.18 0.179 0.176 0.171 0.164 0.155 0.144 0.132 0.12 0.107 0.094 0.082 0.07
0 0 0 0 0 0 0 0 0 0 0 0 0 0 0 0 0 0 0 0.001 0.001 0.001 0.002 0.002 0.003 0.004 0.005 0.007 0.009 0.011 0.013 0.015 0.018 0.021 0.025 0.028 0.031 0.034 0.037 0.04 0.042 0.044 0.046 0.047 0.048 0.049 0.049 0.05 0.051 0.052 0.053 0.056 0.059 0.063 0.068 0.074 0.082 0.09 0.1 0.11 0.121 0.131 0.142 0.152 0.161 0.168 0.174 0.178 0.179 0.178 0.175 0.17 0.162 0.153 0.142 0.13 0.117 0.105 0.092 0.08 0.068
0 0 0 0 0 0 0 0 0 0 0 0 0 0 0 0 0 0 0.001 0.001 0.001 0.001 0.002 0.003 0.004 0.005 0.006 0.008 0.01 0.012 0.015 0.018 0.022 0.025 0.029 0.033 0.037 0.041 0.044 0.047 0.05 0.053 0.055 0.056 0.057 0.058 0.058 0.059 0.059 0.06 0.062 0.063 0.066 0.07 0.074 0.08 0.087 0.095 0.104 0.113 0.123 0.134 0.143 0.153 0.161 0.168 0.173 0.176 0.177 0.175 0.172 0.166 0.158 0.149 0.138 0.126 0.114 0.101 0.089 0.077 0.065
0 0 0 0 0 0 0 0 0 0 0 0 0 0 0 0 0 0 0.001 0.001 0.001 0.002 0.002 0.003 0.004 0.006 0.007 0.009 0.012 0.015 0.018 0.021 0.025 0.029 0.034 0.038 0.043 0.047 0.051 0.055 0.059 0.062 0.064 0.066 0.067 0.068 0.068 0.069 0.069 0.07 0.071 0.072 0.074 0.077 0.081 0.087 0.093 0.1 0.108 0.116 0.125 0.135 0.143 0.152 0.159 0.165 0.169 0.172 0.172 0.17 0.166 0.16 0.152 0.143 0.132 0.121 0.109 0.096 0.084 0.073 0.062
0 0 0 0 0 0 0 0 0 0 0 0 0 0 0 0 0 0 0.001 0.001 0.001 0.002 0.003 0.004 0.005 0.006 0.008 0.011 0.013 0.017 0.02 0.024 0.029 0.034 0.039 0.044 0.049 0.054 0.059 0.064 0.068 0.071 0.074 0.076 0.078 0.079 0.079 0.08 0.08 0.08 0.081 0.082 0.083 0.086 0.089 0.093 0.098 0.104 0.111 0.119 0.127 0.135 0.142 0.15 0.156 0.161 0.164 0.166 0.165 0.163 0.159 0.153 0.145 0.135 0.125 0.114 0.102 0.091 0.079 0.068 0.058
0 0 0 0 0 0 0 0 0 0 0 0 0 0 0 0 0 0.001 0.001 0.001 0.002 0.002 0.003 0.004 0.006 0.007 0.009 0.012 0.015 0.019 0.023 0.028 0.033 0.038 0.044 0.05 0.056 0.062 0.067 0.072 0.077 0.081 0.084 0.087 0.089 0.09 0.091 0.091 0.091 0.091 0.091 0.092 0.093 0.094 0.097 0.1 0.104 0.109 0.114 0.121 0.127 0.134 0.14 0.146 0.151 0.155 0.158 0.158 0.157 0.155 0.15 0.144 0.136 0.127 0.117 0.106 0.095 0.084 0.074 0.063 0.054
0 0 0 0 0 0 0 0 0 0 0 0 0 0 0 0 0 0.001 0.001 0.001 0.002 0.002 0.003 0.005 0.006 0.008 0.011 0.013 0.017 0.021 0.025 0.031 0.036 0.042 0.049 0.055 0.062 0.069 0.075 0.081 0.086 0.091 0.095 0.098 0.1 0.101 0.102 0.103 0.103 0.102 0.102 0.102 0.103 0.103 0.105 0.107 0.11 0.113 0.118 0.122 0.127 0.132 0.137 0.142 0.146 0.148 0.15 0.15 0.148 0.145 0.14 0.134 0.126 0.118 0.108 0.098 0.088 0.078 0.068 0.058 0.049
0 0 0 0 0 0 0 0 0 0 0 0 0 0 0 0 0 0.001 0.001 0.001 0.002 0.003 0.004 0.005 0.007 0.009 0.012 0.015 0.018 0.023 0.028 0.034 0.04 0.046 0.054 0.061 0.068 0.076 0.083 0.089 0.095 0.101 0.105 0.109 0.111 0.113 0.114 0.115 0.115 0.114 0.114 0.113 0.113 0.113 0.114 0.114 0.116 0.118 0.121 0.124 0.127 0.131 0.134 0.137 0.139 0.141 0.141 0.14 0.138 0.134 0.129 0.123 0.116 0.108 0.099 0.089 0.08 0.07 0.061 0.053 0.045
0 0 0 0 0 0 0 0 0 0 0 0 0 0 0 0 0.001 0.001 0.001 0.002 0.002 0.003 0.004 0.006 0.007 0.01 0.012 0.016 0.02 0.025 0.03 0.036 0.043 0.05 0.058 0.066 0.074 0.082 0.09 0.097 0.104 0.11 0.115 0.119 0.122 0.125 0.126 0.127 0.127 0.127 0.126 0.125 0.124 0.123 0.122 0.122 0.122 0.123 0.124 0.125 0.127 0.129 0.13 0.132 0.133 0.133 0.132 0.13 0.127 0.123 0.118 0.112 0.105 0.097 0.089 0.08 0.072 0.063 0.055 0.047 0.04
0 0 0 0 0 0 0 0 0 0 0 0 0 0 0 0 0.001 0.001 0.001 0.002 0.002 0.003 0.004 0.006 0.008 0.01 0.013 0.017 0.021 0.026 0.032 0.039 0.046 0.054 0.062 0.07 0.079 0.088 0.096 0.104 0.112 0.119 0.124 0.129 0.133 0.136 0.138 0.139 0.139 0.139 0.138 0.136 0.135 0.133 0.132 0.13 0.129 0.128 0.127 0.127 0.127 0.127 0.127 0.126 0.126 0.125 0.123 0.12 0.117 0.112 0.107 0.101 0.094 0.087 0.08 0.072 0.064 0.056 0.049 0.042 0.036
0 0 0 0 0 0 0 0 0 0 0 0 0 0 0 0 0.001 0.001 0.001 0.002 0.002 0.003 0.005 0.006 0.008 0.011 0.014 0.018 0.022 0.028 0.034 0.041 0.048 0.056 0.065 0.074 0.084 0.093 0.102 0.111 0.119 0.126 0.133 0.138 0.143 0.146 0.149 0.15 0.151 0.15 0.15 0.148 0.146 0.144 0.141 0.138 0.136 0.133 0.131 0.129 0.127 0.125 0.123 0.121 0.119 0.117 0.114 0.11 0.106 0.102 0.096 0.09 0.084 0.078 0.071 0.064 0.057 0.05 0.044 0.038 0.033
0 0 0 0 0 0 0 0 0 0 0 0 0 0 0 0 0.001 0.001 0.001 0.002 0.003 0.004 0.005 0.007 0.009 0.011 0.015 0.019 0.023 0.029 0.035 0.042 0.05 0.059 0.068 0.077 0.087 0.097 0.106 0.116 0.125 0.133 0.14 0.146 0.152 0.156 0.159 0.161 0.162 0.162 0.161 0.159 0.157 0.154 0.15 0.147 0.143 0.139 0.135 0.131 0.127 0.123 0.12 0.116 0.113 0.109 0.105 0.101 0.096 0.091 0.086 0.08 0.075 0.068 0.062 0.056 0.05 0.044 0.039 0.034 0.03
0 0 0 0 0 0 0 0 0 0 0 0 0 0 0 0.001 0.001 0.001 0.001 0.002 0.003 0.004 0.005 0.007 0.009 0.012 0.015 0.019 0.024 0.03 0.036 0.043 0.051 0.06 0.069 0.079 0.089 0.1 0.11 0.12 0.129 0.138 0.146 0.153 0.159 0.164 0.168 0.17 0.172 0.172 0.171 0.17 0.167 0.164 0.159 0.155 0.149 0.144 0.138 0.133 0.127 0.122 0.117 0.112 0.107 0.102 0.097 0.092 0.087 0.082 0.077 0.071 0.066 0.06 0.055 0.05 0.044 0.04 0.035 0.031 0.027
0 0 0 0 0 0 0 0 0 0 0 0 0 0 0 0.001 0.001 0.001 0.002 0.002 0.003 0.004 0.006 0.007 0.01 0.012 0.016 0.02 0.025 0.03 0.037 0.044 0.052 0.061 0.07 0.08 0.091 0.101 0.112 0.122 0.132 0.142 0.15 0.158 0.165 0.171 0.175 0.179 0.181 0.182 0.181 0.179 0.177 0.173 0.168 0.162 0.156 0.149 0.142 0.135 0.128 0.121 0.114 0.108 0.101 0.095 0.089 0.084 0.078 0.073 0.068 0.063 0.058 0.053 0.048 0.044 0.04 0.036 0.032 0.029 0.026
0 0 0 0 0 0 0 0 0 0 0 0 0 0 0 0.001 0.001 0.001 0.002 0.002 0.003 0.004 0.006 0.008 0.01 0.013 0.016 0.02 0.025 0.031 0.037 0.044 0.052 0.061 0.071 0.081 0.091 0.102 0.113 0.124 0.134 0.144 0.153 0.162 0.169 0.176 0.181 0.186 0.188 0.19 0.19 0.188 0.185 0.181 0.176 0.169 0.162 0.154 0.146 0.137 0.129 0.12 0.112 0.104 0.097 0.09 0.083 0.077 0.071 0.066 0.06 0.056 0.051 0.047 0.043 0.039 0.036 0.033 0.03 0.028 0.026
0 0 0 0 0 0 0 0 0 0 0 0 0 0 0.001 0.001 0.001 0.001 0.002 0.003 0.004 0.005 0.006 0.008 0.01 0.013 0.017 0.021 0.025 0.031 0.037 0.044 0.052 0.061 0.07 0.08 0.091 0.102 0.113 0.124 0.134 0.145 0.155 0.164 0.172 0.18 0.186 0.191 0.194 0.196 0.197 0.196 0.193 0.188 0.183 0.176 0.168 0.159 0.149 0.139 0.129 0.12 0.11 0.101 0.092 0.085 0.077 0.071 0.065 0.059 0.054 0.05 0.046 0.042 0.039 0.036 0.034 0.032 0.03 0.028 0.027
0 0 0 0 0 0 0 0 0 0 0 0 0 0.001 0.001 0.001 0.001 0.002 0.002 0.003 0.004 0.005 0.007 0.009 0.011 0.014 0.017 0.021 0.026 0.031 0.037 0.044 0.052 0.061 0.07 0.08 0.09 0.101 0.111 0.123 0.134 0.144 0.155 0.165 0.174 0.182 0.189 0.195 0.199 0.201 0.202 0.202 0.199 0.195 0.189 0.181 0.172 0.162 0.152 0.141 0.13 0.119 0.108 0.098 0.089 0.08 0.072 0.065 0.059 0.054 0.049 0.045 0.041 0.038 0.036 0.034 0.033 0.031 0.03 0.03 0.029
0 0 0 0 0 0 0 0 0 0 0 0 0 0.001 0.001 0.001 0.002 0.002 0.003 0.004 0.005 0.006 0.007 0.009 0.012 0.015 0.018 0.022 0.026 0.032 0.038 0.044 0.052 0.06 0.069 0.078 0.088 0.099 0.11 0.121 0.132 0.143 0.154 0.164 0.174 0.182 0.19 0.197 0.202 0.205 0.206 0.206 0.204 0.199 0.193 0.185 0.176 0.165 0.154 0.142 0.13 0.118 0.107 0.096 0.086 0.077 0.068 0.061 0.055 0.049 0.045 0.041 0.038 0.036 0.035 0.033 0.033 0.032 0.032 0.033 0.033
0 0 0 0 0 0 0 0 0 0 0 0 0.001 0.001 0.001 0.001 0.002 0.002 0.003 0.004 0.005 0.007 0.008 0.01 0.013 0.016 0.019 0.023 0.027 0.032 0.038 0.044 0.052 0.059 0.068 0.077 0.086 0.097 0.107 0.118 0.129 0.14 0.151 0.162 0.172 0.182 0.19 0.197 0.203 0.207 0.209 0.209 0.206 0.202 0.196 0.188 0.178 0.167 0.155 0.143 0.13 0.117 0.105 0.094 0.083 0.073 0.065 0.057 0.051 0.046 0.042 0.039 0.036 0.035 0.034 0.034 0.034 0.035 0.036 0.037 0.038
0 0 0 0 0 0 0 0 0 0 0 0.001 0.001 0.001 0.001 0.002 0.002 0.003 0.004 0.005 0.006 0.008 0.009 0.012 0.014 0.017 0.02 0.024 0.028 0.033 0.039 0.045 0.052 0.059 0.067 0.075 0.085 0.094 0.105 0.115 0.126 0.137 0.148 0.159 0.169 0.179 0.188 0.196 0.202 0.207 0.209 0.209 0.208 0.204 0.197 0.189 0.179 0.168 0.156 0.143 0.129 0.116 0.103 0.091 0.08 0.071 0.062 0.054 0.048 0.043 0.04 0.037 0.036 0.035 0.035 0.036 0.037 0.039 0.04 0.042 0.044
0 0 0 0 0 0 0 0 0 0 0 0.001 0.001 0.001 0.002 0.002 0.003 0.004 0.004 0.006 0.007 0.009 0.011 0.013 0.016 0.019 0.022 0.026 0.03 0.035 0.04 0.046 0.052 0.059 0.066 0.074 0.083 0.092 0.102 0.112 0.123 0.133 0.144 0.155 0.166 0.176 0.185 0.193 0.2 0.205 0.208 0.209 0.207 0.203 0.197 0.189 0.179 0.167 0.155 0.141 0.128 0.114 0.101 0.089 0.078 0.068 0.059 0.052 0.046 0.042 0.039 0.037 0.036 0.036 0.037 0.039 0.041 0.044 0.046 0.049 0.052
