Heavy_metals_comparison/usgrids5km/dairp.asc
NCOLS 940
NROWS 592
XLLCORNER -2405000
YLLCORNER 260000
CELLSIZE 5000
NODATA_VALUE -1
[rows 180 to 215 of 592, columns 567 to 647 of 940]
0.038 0.033 0.028 0.024 0.021 0.019 0.018 0.017 0.018 0.02 0.023 0.026 0.031 0.037 0.044 0.052 0.061 0.071 0.083 0.095 0.109 0.124 0.139 0.154 0.17 0.185 0.199 0.212 0.223 0.232 0.239 0.242 0.243 0.241 0.236 0.228 0.218 0.206 0.193 0.178 0.163 0.148 0.132 0.118 0.104 0.091 0.079 0.068 0.059 0.051 0.044 0.039 0.035 0.033 0.032 0.032 0.033 0.036 0.041 0.046 0.053 0.06 0.069 0.078 0.087 0.096 0.105 0.113 0.121 0.127 0.132 0.135 0.136 0.136 0.134 0.131 0.127 0.121 0.115 0.108 0.102
0.036 0.031 0.027 0.023 0.021 0.019 0.018 0.018 0.019 0.022 0.025 0.029 0.034 0.04 0.048 0.057 0.066 0.077 0.089 0.103 0.117 0.132 0.147 0.163 0.178 0.193 0.207 0.22 0.231 0.24 0.246 0.25 0.25 0.248 0.243 0.235 0.226 0.214 0.2 0.186 0.171 0.156 0.14 0.126 0.111 0.098 0.086 0.075 0.065 0.057 0.05 0.044 0.04 0.037 0.035 0.035 0.037 0.04 0.044 0.05 0.057 0.066 0.075 0.085 0.095 0.105 0.115 0.124 0.133 0.14 0.145 0.149 0.151 0.151 0.15 0.147 0.142 0.137 0.13 0.123 0.116
0.034 0.029 0.025 0.022 0.02 0.019 0.018 0.019 0.021 0.023 0.027 0.032 0.038 0.045 0.053 0.062 0.073 0.084 0.097 0.11 0.125 0.14 0.156 0.172 0.187 0.202 0.216 0.229 0.24 0.249 0.255 0.258 0.259 0.257 0.252 0.244 0.235 0.223 0.21 0.196 0.181 0.165 0.15 0.135 0.121 0.107 0.095 0.083 0.073 0.064 0.056 0.05 0.045 0.042 0.04 0.04 0.041 0.044 0.049 0.055 0.062 0.071 0.081 0.092 0.103 0.114 0.126 0.136 0.145 0.153 0.159 0.164 0.167 0.167 0.166 0.163 0.158 0.153 0.146 0.139 0.131
0.032 0.028 0.024 0.022 0.02 0.019 0.019 0.02 0.022 0.026 0.03 0.035 0.042 0.049 0.058 0.068 0.079 0.091 0.105 0.119 0.134 0.149 0.165 0.181 0.197 0.212 0.226 0.239 0.249 0.258 0.264 0.268 0.269 0.266 0.262 0.254 0.245 0.234 0.221 0.207 0.192 0.176 0.161 0.146 0.131 0.118 0.104 0.092 0.082 0.072 0.064 0.057 0.051 0.047 0.045 0.044 0.046 0.049 0.053 0.06 0.068 0.077 0.088 0.099 0.111 0.124 0.136 0.147 0.157 0.166 0.173 0.179 0.182 0.183 0.182 0.179 0.175 0.169 0.162 0.154 0.146
0.029 0.026 0.023 0.021 0.019 0.019 0.02 0.021 0.024 0.028 0.033 0.039 0.046 0.054 0.064 0.074 0.086 0.099 0.112 0.127 0.143 0.158 0.175 0.191 0.207 0.222 0.236 0.248 0.259 0.268 0.274 0.278 0.279 0.277 0.272 0.265 0.256 0.245 0.232 0.219 0.204 0.189 0.173 0.158 0.143 0.129 0.115 0.103 0.091 0.081 0.072 0.064 0.058 0.053 0.05 0.049 0.05 0.053 0.058 0.064 0.073 0.083 0.094 0.106 0.119 0.132 0.145 0.158 0.169 0.179 0.187 0.193 0.196 0.198 0.197 0.195 0.19 0.185 0.178 0.17 0.161
0.027 0.024 0.021 0.02 0.019 0.019 0.02 0.022 0.026 0.03 0.035 0.042 0.05 0.059 0.069 0.08 0.093 0.106 0.12 0.135 0.151 0.167 0.184 0.2 0.216 0.231 0.245 0.258 0.269 0.277 0.284 0.287 0.289 0.287 0.283 0.276 0.268 0.257 0.245 0.231 0.217 0.202 0.186 0.171 0.156 0.141 0.127 0.114 0.101 0.09 0.08 0.072 0.065 0.06 0.056 0.055 0.055 0.058 0.062 0.069 0.078 0.088 0.1 0.112 0.126 0.14 0.154 0.167 0.179 0.19 0.199 0.205 0.21 0.212 0.212 0.209 0.205 0.199 0.192 0.185 0.176
0.024 0.022 0.02 0.019 0.019 0.019 0.021 0.024 0.027 0.032 0.038 0.045 0.054 0.063 0.074 0.086 0.099 0.113 0.127 0.143 0.159 0.175 0.192 0.208 0.224 0.239 0.254 0.266 0.277 0.286 0.292 0.296 0.298 0.296 0.293 0.287 0.279 0.269 0.257 0.244 0.23 0.215 0.2 0.184 0.169 0.154 0.139 0.125 0.112 0.1 0.089 0.08 0.072 0.066 0.062 0.06 0.06 0.062 0.066 0.073 0.082 0.092 0.104 0.118 0.132 0.147 0.161 0.175 0.188 0.199 0.209 0.216 0.221 0.224 0.224 0.222 0.218 0.213 0.206 0.198 0.19
0.022 0.02 0.019 0.018 0.019 0.02 0.022 0.025 0.029 0.034 0.041 0.049 0.057 0.067 0.079 0.091 0.104 0.119 0.134 0.15 0.166 0.183 0.199 0.216 0.231 0.246 0.26 0.273 0.284 0.293 0.299 0.303 0.305 0.305 0.302 0.296 0.289 0.279 0.268 0.256 0.242 0.228 0.213 0.197 0.182 0.166 0.151 0.137 0.123 0.11 0.098 0.088 0.08 0.073 0.068 0.065 0.064 0.066 0.07 0.077 0.085 0.096 0.108 0.122 0.136 0.151 0.166 0.181 0.194 0.206 0.216 0.224 0.23 0.233 0.234 0.233 0.229 0.224 0.218 0.211 0.203
0.02 0.019 0.018 0.018 0.019 0.02 0.023 0.026 0.031 0.036 0.043 0.051 0.061 0.071 0.083 0.096 0.109 0.124 0.139 0.155 0.172 0.188 0.205 0.221 0.237 0.252 0.265 0.278 0.289 0.297 0.304 0.309 0.311 0.311 0.309 0.304 0.297 0.289 0.278 0.266 0.253 0.239 0.225 0.209 0.194 0.178 0.163 0.148 0.133 0.12 0.107 0.096 0.087 0.079 0.073 0.07 0.069 0.07 0.073 0.08 0.088 0.098 0.111 0.124 0.139 0.154 0.17 0.185 0.198 0.211 0.222 0.23 0.236 0.24 0.242 0.241 0.238 0.234 0.228 0.221 0.213
0.019 0.018 0.018 0.018 0.019 0.021 0.023 0.027 0.032 0.038 0.045 0.054 0.063 0.074 0.086 0.099 0.113 0.128 0.143 0.159 0.175 0.192 0.208 0.224 0.24 0.254 0.268 0.28 0.291 0.3 0.307 0.312 0.314 0.315 0.313 0.309 0.303 0.296 0.286 0.275 0.263 0.25 0.235 0.221 0.205 0.189 0.174 0.158 0.143 0.129 0.116 0.104 0.094 0.085 0.078 0.074 0.072 0.073 0.076 0.082 0.09 0.1 0.112 0.125 0.14 0.156 0.171 0.186 0.2 0.213 0.224 0.233 0.24 0.244 0.246 0.246 0.244 0.241 0.236 0.23 0.223
0.018 0.018 0.018 0.018 0.019 0.021 0.024 0.028 0.033 0.04 0.047 0.056 0.065 0.076 0.088 0.101 0.115 0.13 0.146 0.161 0.177 0.194 0.21 0.225 0.24 0.255 0.268 0.28 0.29 0.299 0.306 0.312 0.315 0.316 0.315 0.312 0.307 0.3 0.292 0.282 0.271 0.258 0.244 0.23 0.215 0.199 0.183 0.168 0.152 0.137 0.124 0.111 0.1 0.09 0.083 0.078 0.075 0.075 0.078 0.083 0.09 0.1 0.112 0.125 0.14 0.155 0.17 0.185 0.199 0.212 0.224 0.233 0.24 0.245 0.248 0.249 0.248 0.245 0.241 0.236 0.23
0.018 0.018 0.018 0.019 0.02 0.022 0.025 0.029 0.035 0.041 0.048 0.057 0.067 0.078 0.09 0.103 0.116 0.131 0.146 0.162 0.177 0.193 0.209 0.224 0.238 0.252 0.265 0.277 0.287 0.296 0.303 0.309 0.312 0.314 0.314 0.312 0.308 0.302 0.295 0.286 0.276 0.264 0.251 0.237 0.222 0.207 0.191 0.175 0.16 0.145 0.13 0.117 0.105 0.095 0.087 0.081 0.078 0.077 0.079 0.083 0.09 0.099 0.11 0.123 0.137 0.152 0.167 0.182 0.196 0.209 0.221 0.231 0.238 0.244 0.248 0.249 0.249 0.247 0.244 0.24 0.235
0.018 0.018 0.019 0.02 0.021 0.023 0.027 0.031 0.036 0.042 0.049 0.058 0.067 0.078 0.09 0.103 0.116 0.13 0.145 0.16 0.175 0.191 0.206 0.22 0.234 0.247 0.26 0.271 0.281 0.29 0.297 0.303 0.307 0.309 0.31 0.308 0.306 0.301 0.295 0.287 0.278 0.267 0.255 0.242 0.228 0.213 0.198 0.182 0.166 0.151 0.136 0.122 0.11 0.099 0.09 0.084 0.08 0.078 0.079 0.083 0.089 0.098 0.108 0.12 0.134 0.148 0.163 0.177 0.191 0.204 0.216 0.226 0.234 0.24 0.244 0.247 0.248 0.247 0.245 0.242 0.238
0.019 0.019 0.02 0.021 0.023 0.025 0.028 0.032 0.037 0.043 0.05 0.058 0.067 0.078 0.089 0.101 0.114 0.128 0.142 0.157 0.171 0.186 0.2 0.214 0.227 0.24 0.252 0.262 0.272 0.281 0.288 0.294 0.298 0.301 0.302 0.302 0.3 0.297 0.292 0.285 0.277 0.268 0.257 0.245 0.231 0.217 0.202 0.186 0.171 0.155 0.14 0.126 0.113 0.102 0.093 0.086 0.081 0.079 0.079 0.082 0.088 0.095 0.105 0.116 0.129 0.143 0.157 0.171 0.184 0.197 0.209 0.219 0.227 0.234 0.239 0.242 0.244 0.245 0.244 0.242 0.24
0.021 0.021 0.022 0.023 0.025 0.027 0.029 0.033 0.038 0.043 0.05 0.058 0.066 0.076 0.087 0.099 0.111 0.125 0.138 0.152 0.166 0.179 0.193 0.206 0.218 0.23 0.241 0.251 0.261 0.269 0.276 0.282 0.287 0.29 0.292 0.293 0.292 0.29 0.286 0.281 0.274 0.266 0.256 0.245 0.232 0.219 0.204 0.189 0.174 0.158 0.143 0.129 0.116 0.105 0.095 0.087 0.082 0.079 0.079 0.081 0.086 0.092 0.101 0.112 0.124 0.137 0.15 0.163 0.176 0.189 0.2 0.21 0.219 0.226 0.232 0.236 0.239 0.241 0.241 0.241 0.24
0.024 0.024 0.025 0.026 0.027 0.029 0.031 0.035 0.039 0.044 0.05 0.057 0.065 0.074 0.085 0.096 0.107 0.12 0.132 0.145 0.158 0.171 0.184 0.196 0.207 0.219 0.229 0.239 0.247 0.255 0.262 0.268 0.273 0.277 0.28 0.281 0.281 0.28 0.278 0.274 0.268 0.261 0.252 0.242 0.231 0.218 0.205 0.19 0.175 0.16 0.146 0.131 0.118 0.107 0.097 0.089 0.083 0.079 0.078 0.08 0.083 0.089 0.097 0.107 0.118 0.13 0.143 0.155 0.168 0.18 0.191 0.201 0.21 0.218 0.224 0.229 0.233 0.236 0.238 0.239 0.239
0.027 0.028 0.028 0.029 0.03 0.031 0.034 0.036 0.04 0.044 0.05 0.056 0.064 0.072 0.081 0.092 0.102 0.114 0.126 0.138 0.15 0.162 0.173 0.185 0.196 0.206 0.215 0.224 0.233 0.24 0.247 0.253 0.258 0.262 0.265 0.268 0.269 0.269 0.267 0.264 0.26 0.254 0.247 0.238 0.228 0.216 0.204 0.19 0.176 0.161 0.147 0.133 0.12 0.108 0.098 0.09 0.083 0.079 0.078 0.078 0.081 0.086 0.093 0.102 0.112 0.123 0.135 0.147 0.159 0.171 0.181 0.192 0.201 0.209 0.216 0.221 0.226 0.23 0.234 0.236 0.238
0.031 0.032 0.032 0.033 0.034 0.035 0.036 0.038 0.041 0.045 0.049 0.055 0.062 0.069 0.078 0.087 0.097 0.108 0.118 0.129 0.141 0.152 0.162 0.173 0.183 0.192 0.201 0.21 0.217 0.224 0.231 0.237 0.242 0.246 0.25 0.253 0.255 0.255 0.255 0.253 0.25 0.246 0.24 0.233 0.224 0.213 0.202 0.189 0.175 0.162 0.148 0.134 0.121 0.11 0.099 0.091 0.084 0.08 0.077 0.077 0.08 0.084 0.09 0.098 0.107 0.117 0.128 0.14 0.151 0.162 0.172 0.182 0.191 0.2 0.207 0.214 0.22 0.225 0.229 0.233 0.236
0.037 0.037 0.037 0.038 0.038 0.038 0.039 0.041 0.043 0.046 0.049 0.054 0.06 0.066 0.074 0.082 0.091 0.101 0.111 0.121 0.131 0.141 0.151 0.161 0.17 0.179 0.187 0.194 0.202 0.208 0.214 0.22 0.225 0.23 0.234 0.237 0.24 0.241 0.242 0.242 0.24 0.237 0.232 0.226 0.218 0.209 0.199 0.187 0.175 0.162 0.149 0.136 0.123 0.111 0.101 0.092 0.085 0.08 0.078 0.077 0.079 0.082 0.087 0.095 0.103 0.112 0.122 0.133 0.144 0.154 0.164 0.174 0.183 0.192 0.2 0.207 0.214 0.22 0.225 0.23 0.234
0.042 0.043 0.043 0.043 0.043 0.043 0.043 0.043 0.045 0.047 0.049 0.053 0.058 0.064 0.07 0.077 0.086 0.094 0.103 0.112 0.122 0.131 0.14 0.149 0.157 0.165 0.173 0.18 0.187 0.193 0.198 0.204 0.209 0.213 0.218 0.221 0.225 0.227 0.229 0.229 0.229 0.227 0.224 0.219 0.213 0.206 0.196 0.186 0.175 0.163 0.15 0.137 0.125 0.114 0.104 0.095 0.088 0.082 0.079 0.078 0.079 0.081 0.086 0.092 0.1 0.108 0.118 0.128 0.138 0.148 0.158 0.167 0.176 0.185 0.193 0.201 0.208 0.215 0.221 0.227 0.233
0.049 0.049 0.049 0.049 0.048 0.047 0.047 0.047 0.047 0.048 0.05 0.053 0.056 0.061 0.067 0.073 0.08 0.088 0.096 0.104 0.113 0.121 0.13 0.138 0.146 0.153 0.16 0.166 0.172 0.178 0.183 0.189 0.193 0.198 0.202 0.207 0.21 0.213 0.216 0.218 0.219 0.218 0.217 0.213 0.209 0.202 0.195 0.186 0.175 0.164 0.152 0.141 0.129 0.118 0.107 0.098 0.091 0.085 0.081 0.08 0.08 0.082 0.086 0.091 0.098 0.106 0.115 0.124 0.134 0.143 0.153 0.162 0.171 0.18 0.188 0.196 0.204 0.211 0.218 0.225 0.231
0.056 0.056 0.056 0.055 0.054 0.052 0.051 0.05 0.05 0.05 0.051 0.052 0.055 0.059 0.063 0.069 0.075 0.082 0.089 0.097 0.105 0.113 0.121 0.128 0.135 0.142 0.148 0.154 0.16 0.165 0.17 0.175 0.179 0.184 0.188 0.193 0.197 0.201 0.204 0.207 0.209 0.21 0.21 0.209 0.205 0.201 0.194 0.187 0.177 0.167 0.156 0.145 0.134 0.123 0.113 0.104 0.096 0.09 0.085 0.083 0.083 0.084 0.087 0.092 0.098 0.106 0.114 0.122 0.131 0.14 0.15 0.159 0.167 0.176 0.184 0.193 0.201 0.209 0.216 0.223 0.23
0.064 0.063 0.063 0.061 0.06 0.058 0.056 0.054 0.052 0.052 0.052 0.052 0.054 0.057 0.061 0.065 0.071 0.077 0.084 0.091 0.098 0.105 0.113 0.12 0.126 0.133 0.138 0.144 0.149 0.154 0.158 0.163 0.167 0.172 0.176 0.181 0.186 0.19 0.195 0.199 0.202 0.204 0.206 0.206 0.204 0.201 0.196 0.19 0.182 0.173 0.163 0.152 0.141 0.13 0.12 0.111 0.103 0.096 0.091 0.088 0.087 0.088 0.091 0.095 0.1 0.107 0.114 0.123 0.131 0.14 0.148 0.157 0.166 0.174 0.183 0.191 0.199 0.207 0.215 0.222 0.229
0.071 0.071 0.07 0.068 0.066 0.063 0.06 0.058 0.056 0.054 0.053 0.053 0.054 0.055 0.058 0.062 0.067 0.073 0.079 0.085 0.092 0.099 0.106 0.113 0.119 0.125 0.13 0.135 0.14 0.145 0.149 0.153 0.157 0.162 0.166 0.171 0.176 0.182 0.187 0.192 0.197 0.2 0.203 0.205 0.205 0.203 0.2 0.195 0.188 0.18 0.171 0.161 0.15 0.14 0.129 0.12 0.111 0.104 0.099 0.095 0.094 0.094 0.096 0.099 0.104 0.11 0.117 0.125 0.133 0.141 0.149 0.158 0.166 0.174 0.182 0.19 0.198 0.206 0.214 0.221 0.228
0.079 0.078 0.077 0.075 0.072 0.069 0.065 0.062 0.059 0.056 0.054 0.053 0.053 0.055 0.057 0.06 0.064 0.069 0.075 0.081 0.088 0.095 0.101 0.108 0.114 0.119 0.124 0.129 0.133 0.138 0.141 0.145 0.149 0.154 0.159 0.164 0.169 0.175 0.182 0.188 0.194 0.199 0.204 0.207 0.209 0.209 0.207 0.203 0.198 0.191 0.182 0.173 0.162 0.152 0.141 0.131 0.122 0.115 0.108 0.104 0.102 0.101 0.102 0.105 0.11 0.115 0.121 0.129 0.136 0.144 0.152 0.16 0.168 0.176 0.183 0.191 0.199 0.206 0.214 0.221 0.228
0.086 0.085 0.083 0.081 0.078 0.074 0.07 0.066 0.062 0.058 0.056 0.054 0.054 0.054 0.056 0.058 0.062 0.067 0.072 0.078 0.085 0.091 0.098 0.104 0.11 0.115 0.12 0.125 0.129 0.133 0.136 0.14 0.144 0.148 0.153 0.159 0.165 0.172 0.179 0.186 0.194 0.2 0.207 0.212 0.215 0.217 0.217 0.215 0.211 0.205 0.197 0.188 0.177 0.167 0.156 0.145 0.136 0.127 0.12 0.115 0.112 0.11 0.111 0.113 0.117 0.122 0.127 0.134 0.141 0.149 0.156 0.164 0.171 0.178 0.186 0.193 0.2 0.207 0.214 0.221 0.227
0.092 0.091 0.089 0.087 0.083 0.079 0.074 0.069 0.065 0.061 0.057 0.055 0.054 0.054 0.055 0.057 0.061 0.065 0.071 0.077 0.083 0.089 0.096 0.102 0.108 0.113 0.118 0.122 0.126 0.13 0.133 0.137 0.141 0.145 0.15 0.156 0.163 0.17 0.178 0.187 0.196 0.205 0.212 0.219 0.225 0.228 0.23 0.229 0.226 0.221 0.214 0.205 0.195 0.184 0.173 0.161 0.151 0.142 0.134 0.127 0.123 0.121 0.121 0.122 0.125 0.129 0.135 0.141 0.148 0.155 0.162 0.169 0.176 0.182 0.189 0.195 0.202 0.208 0.214 0.22 0.225
0.098 0.097 0.095 0.091 0.087 0.083 0.078 0.072 0.067 0.063 0.059 0.056 0.055 0.054 0.055 0.057 0.06 0.065 0.07 0.076 0.082 0.088 0.095 0.101 0.107 0.112 0.117 0.121 0.125 0.128 0.132 0.135 0.139 0.144 0.149 0.155 0.163 0.171 0.18 0.19 0.201 0.211 0.221 0.23 0.237 0.242 0.246 0.246 0.245 0.24 0.234 0.225 0.215 0.204 0.192 0.18 0.168 0.158 0.149 0.142 0.136 0.133 0.132 0.132 0.135 0.138 0.143 0.149 0.155 0.161 0.168 0.174 0.181 0.187 0.192 0.198 0.204 0.209 0.214 0.219 0.223
0.102 0.101 0.099 0.095 0.091 0.086 0.081 0.075 0.069 0.065 0.06 0.057 0.055 0.054 0.055 0.057 0.06 0.064 0.069 0.075 0.082 0.088 0.095 0.101 0.107 0.112 0.117 0.121 0.125 0.128 0.132 0.135 0.139 0.144 0.149 0.156 0.164 0.174 0.184 0.196 0.208 0.22 0.231 0.242 0.251 0.259 0.264 0.266 0.265 0.262 0.256 0.248 0.237 0.226 0.213 0.2 0.188 0.176 0.166 0.157 0.151 0.146 0.144 0.143 0.145 0.148 0.152 0.157 0.163 0.169 0.175 0.181 0.186 0.191 0.196 0.201 0.205 0.209 0.213 0.217 0.22
0.106 0.105 0.102 0.098 0.094 0.088 0.083 0.077 0.071 0.066 0.061 0.058 0.056 0.055 0.055 0.057 0.06 0.064 0.069 0.075 0.082 0.089 0.095 0.102 0.108 0.113 0.118 0.122 0.126 0.129 0.132 0.136 0.14 0.145 0.151 0.158 0.167 0.178 0.189 0.202 0.216 0.23 0.243 0.256 0.267 0.277 0.283 0.287 0.288 0.285 0.28 0.272 0.261 0.249 0.236 0.222 0.208 0.195 0.184 0.174 0.166 0.16 0.157 0.155 0.156 0.158 0.161 0.166 0.171 0.176 0.182 0.187 0.192 0.196 0.2 0.203 0.207 0.21 0.212 0.215 0.216
0.108 0.107 0.104 0.1 0.095 0.09 0.084 0.078 0.072 0.067 0.062 0.058 0.056 0.055 0.055 0.057 0.06 0.064 0.07 0.076 0.082 0.089 0.096 0.103 0.109 0.114 0.119 0.123 0.127 0.13 0.134 0.137 0.141 0.147 0.153 0.161 0.171 0.182 0.195 0.21 0.225 0.241 0.256 0.271 0.284 0.295 0.304 0.309 0.311 0.31 0.305 0.297 0.286 0.274 0.26 0.245 0.23 0.215 0.202 0.191 0.182 0.174 0.17 0.167 0.167 0.168 0.171 0.174 0.179 0.184 0.188 0.193 0.197 0.2 0.203 0.205 0.207 0.209 0.21 0.211 0.212
0.109 0.108 0.105 0.101 0.096 0.091 0.085 0.079 0.073 0.067 0.062 0.059 0.056 0.055 0.055 0.057 0.06 0.065 0.07 0.076 0.083 0.09 0.097 0.103 0.11 0.115 0.12 0.124 0.128 0.132 0.135 0.139 0.143 0.149 0.156 0.164 0.175 0.187 0.202 0.218 0.234 0.252 0.269 0.286 0.301 0.314 0.324 0.331 0.335 0.334 0.33 0.322 0.312 0.298 0.284 0.268 0.251 0.236 0.221 0.208 0.197 0.189 0.183 0.179 0.177 0.178 0.179 0.182 0.186 0.19 0.194 0.198 0.201 0.203 0.205 0.207 0.207 0.208 0.207 0.207 0.206
0.109 0.107 0.105 0.101 0.096 0.09 0.084 0.078 0.072 0.067 0.062 0.059 0.056 0.055 0.055 0.057 0.06 0.065 0.07 0.076 0.083 0.09 0.097 0.104 0.11 0.116 0.121 0.125 0.129 0.133 0.136 0.14 0.145 0.15 0.158 0.167 0.179 0.192 0.208 0.225 0.243 0.263 0.282 0.3 0.318 0.332 0.344 0.353 0.357 0.358 0.354 0.347 0.336 0.323 0.307 0.29 0.273 0.256 0.239 0.225 0.212 0.202 0.195 0.19 0.187 0.186 0.187 0.19 0.192 0.196 0.199 0.202 0.204 0.206 0.207 0.207 0.206 0.205 0.204 0.202 0.199
0.108 0.106 0.103 0.1 0.095 0.09 0.084 0.078 0.072 0.067 0.062 0.059 0.056 0.055 0.055 0.057 0.06 0.065 0.07 0.077 0.083 0.09 0.098 0.104 0.111 0.116 0.121 0.126 0.13 0.133 0.137 0.141 0.146 0.152 0.16 0.17 0.182 0.196 0.213 0.231 0.251 0.272 0.293 0.313 0.332 0.349 0.362 0.372 0.378 0.379 0.376 0.369 0.359 0.345 0.329 0.311 0.293 0.274 0.257 0.241 0.227 0.215 0.206 0.2 0.196 0.194 0.194 0.195 0.198 0.2 0.203 0.205 0.206 0.207 0.207 0.206 0.204 0.202 0.199 0.196 0.192
0.106 0.104 0.102 0.098 0.093 0.088 0.083 0.077 0.071 0.066 0.062 0.058 0.056 0.055 0.055 0.057 0.06 0.065 0.07 0.076 0.083 0.09 0.097 0.104 0.11 0.116 0.121 0.125 0.129 0.133 0.136 0.141 0.146 0.152 0.16 0.171 0.184 0.199 0.216 0.236 0.257 0.279 0.302 0.324 0.344 0.362 0.377 0.389 0.396 0.398 0.396 0.39 0.379 0.365 0.349 0.33 0.311 0.291 0.272 0.255 0.24 0.227 0.216 0.209 0.204 0.201 0.2 0.2 0.201 0.203 0.205 0.206 0.207 0.207 0.206 0.204 0.201 0.198 0.194 0.189 0.184
0.104 0.102 0.099 0.096 0.091 0.087 0.081 0.076 0.071 0.066 0.062 0.058 0.056 0.055 0.055 0.057 0.06 0.065 0.07 0.076 0.083 0.09 0.097 0.103 0.11 0.115 0.12 0.124 0.128 0.132 0.136 0.14 0.145 0.152 0.16 0.171 0.184 0.2 0.218 0.239 0.261 0.284 0.308 0.331 0.353 0.373 0.389 0.402 0.41 0.413 0.412 0.406 0.396 0.382 0.365 0.346 0.326 0.306 0.286 0.267 0.251 0.236 0.225 0.216 0.209 0.205 0.203 0.203 0.203 0.204 0.205 0.206 0.206 0.205 0.203 0.201 0.197 0.192 0.187 0.182 0.176
