Heavy_metals_comparison/usgrids5km/dairp.asc
NCOLS 940
NROWS 592
XLLCORNER -2405000
YLLCORNER 260000
CELLSIZE 5000
NODATA_VALUE -1
[rows 108 to 143 of 592, columns 81 to 161 of 940]
0.064 0.066 0.067 0.068 0.068 0.066 0.064 0.061 0.057 0.053 0.048 0.043 0.038 0.033 0.028 0.024 0.02 0.016 0.013 0.01 0.008 0.006 0.005 0.004 0.003 0.003 0.002 0.002 0.003 0.003 0.004 0.005 0.007 0.009 0.011 0.013 0.016 0.02 0.024 0.029 0.034 0.04 0.046 0.053 0.06 0.067 0.075 0.083 0.09 0.098 0.105 0.111 0.116 0.121 0.124 0.125 0.125 0.124 0.12 0.116 0.11 0.103 0.096 0.087 0.079 0.07 0.062 0.054 0.047 0.041 0.035 0.031 0.027 0.024 0.022 0.021 0.02 0.02 0.02 0.02 0.02
0.075 0.077 0.079 0.08 0.08 0.078 0.075 0.072 0.067 0.062 0.056 0.051 0.045 0.039 0.033 0.028 0.023 0.019 0.015 0.012 0.009 0.007 0.006 0.004 0.003 0.003 0.002 0.002 0.003 0.003 0.004 0.004 0.006 0.007 0.009 0.011 0.014 0.017 0.021 0.025 0.03 0.035 0.041 0.047 0.054 0.061 0.068 0.076 0.083 0.09 0.097 0.104 0.109 0.114 0.117 0.119 0.119 0.118 0.115 0.111 0.106 0.099 0.092 0.084 0.076 0.068 0.06 0.052 0.046 0.04 0.034 0.03 0.027 0.024 0.022 0.021 0.021 0.021 0.021 0.022 0.023
0.086 0.09 0.092 0.093 0.093 0.091 0.088 0.084 0.078 0.072 0.066 0.059 0.052 0.045 0.038 0.032 0.027 0.022 0.018 0.014 0.011 0.008 0.006 0.005 0.004 0.003 0.003 0.002 0.002 0.003 0.003 0.004 0.005 0.006 0.008 0.01 0.012 0.015 0.018 0.021 0.026 0.03 0.036 0.041 0.048 0.054 0.061 0.068 0.076 0.083 0.09 0.096 0.102 0.106 0.11 0.112 0.112 0.112 0.109 0.106 0.101 0.095 0.088 0.081 0.073 0.065 0.058 0.05 0.044 0.038 0.034 0.03 0.027 0.024 0.023 0.023 0.023 0.023 0.024 0.025 0.026
0.099 0.103 0.106 0.107 0.106 0.104 0.101 0.096 0.09 0.083 0.075 0.067 0.059 0.051 0.044 0.037 0.031 0.025 0.02 0.016 0.012 0.01 0.007 0.006 0.004 0.003 0.003 0.002 0.002 0.002 0.003 0.003 0.004 0.005 0.006 0.008 0.01 0.012 0.015 0.018 0.022 0.026 0.031 0.036 0.042 0.048 0.055 0.062 0.069 0.076 0.082 0.088 0.094 0.098 0.102 0.104 0.105 0.105 0.103 0.1 0.095 0.09 0.083 0.076 0.069 0.062 0.055 0.048 0.042 0.037 0.033 0.029 0.027 0.025 0.024 0.024 0.025 0.026 0.027 0.028 0.03
0.112 0.117 0.12 0.121 0.12 0.118 0.114 0.108 0.101 0.094 0.085 0.076 0.067 0.058 0.05 0.042 0.034 0.028 0.023 0.018 0.014 0.011 0.008 0.006 0.005 0.003 0.003 0.002 0.002 0.002 0.002 0.003 0.003 0.004 0.005 0.007 0.008 0.01 0.013 0.016 0.019 0.023 0.027 0.032 0.037 0.043 0.049 0.055 0.062 0.068 0.075 0.081 0.086 0.09 0.094 0.096 0.097 0.097 0.095 0.093 0.089 0.084 0.078 0.071 0.065 0.058 0.052 0.046 0.04 0.036 0.032 0.029 0.027 0.026 0.026 0.026 0.027 0.029 0.031 0.033 0.035
0.125 0.13 0.133 0.135 0.134 0.131 0.127 0.121 0.113 0.104 0.095 0.084 0.074 0.064 0.055 0.046 0.038 0.031 0.025 0.02 0.015 0.012 0.009 0.007 0.005 0.004 0.003 0.002 0.002 0.002 0.002 0.002 0.003 0.003 0.004 0.005 0.007 0.009 0.011 0.013 0.016 0.019 0.023 0.028 0.032 0.038 0.043 0.049 0.055 0.061 0.067 0.073 0.078 0.082 0.086 0.088 0.089 0.089 0.088 0.085 0.082 0.077 0.072 0.066 0.06 0.054 0.048 0.043 0.038 0.034 0.031 0.029 0.027 0.027 0.027 0.028 0.03 0.032 0.035 0.037 0.04
0.137 0.143 0.147 0.148 0.147 0.144 0.139 0.132 0.124 0.114 0.104 0.093 0.081 0.071 0.06 0.051 0.042 0.034 0.027 0.022 0.017 0.013 0.01 0.007 0.005 0.004 0.003 0.002 0.002 0.002 0.002 0.002 0.002 0.003 0.003 0.004 0.006 0.007 0.009 0.011 0.014 0.016 0.02 0.024 0.028 0.033 0.038 0.043 0.049 0.054 0.06 0.065 0.07 0.074 0.077 0.079 0.08 0.081 0.079 0.077 0.074 0.07 0.065 0.06 0.055 0.05 0.045 0.04 0.036 0.033 0.03 0.029 0.028 0.028 0.029 0.031 0.033 0.036 0.039 0.042 0.046
0.149 0.155 0.159 0.161 0.16 0.156 0.151 0.143 0.134 0.123 0.112 0.1 0.088 0.076 0.065 0.055 0.045 0.037 0.029 0.023 0.018 0.014 0.01 0.008 0.006 0.004 0.003 0.002 0.002 0.002 0.001 0.002 0.002 0.002 0.003 0.004 0.005 0.006 0.007 0.009 0.011 0.014 0.017 0.02 0.024 0.028 0.033 0.038 0.043 0.048 0.053 0.057 0.062 0.066 0.069 0.071 0.072 0.072 0.071 0.069 0.066 0.063 0.059 0.054 0.05 0.045 0.041 0.037 0.034 0.031 0.029 0.028 0.028 0.029 0.031 0.034 0.037 0.04 0.044 0.048 0.051
0.159 0.166 0.17 0.171 0.17 0.167 0.161 0.153 0.143 0.131 0.119 0.106 0.094 0.081 0.069 0.058 0.048 0.039 0.031 0.025 0.019 0.015 0.011 0.008 0.006 0.004 0.003 0.002 0.002 0.001 0.001 0.001 0.002 0.002 0.002 0.003 0.004 0.005 0.006 0.008 0.009 0.012 0.014 0.017 0.02 0.024 0.028 0.032 0.037 0.041 0.046 0.05 0.054 0.057 0.06 0.062 0.063 0.063 0.063 0.061 0.059 0.056 0.052 0.048 0.044 0.041 0.037 0.034 0.031 0.029 0.028 0.028 0.029 0.031 0.033 0.036 0.04 0.044 0.049 0.053 0.057
0.168 0.175 0.179 0.18 0.179 0.175 0.169 0.16 0.15 0.138 0.125 0.112 0.098 0.085 0.072 0.061 0.05 0.041 0.033 0.026 0.02 0.015 0.012 0.009 0.006 0.005 0.003 0.002 0.002 0.001 0.001 0.001 0.001 0.001 0.002 0.002 0.003 0.004 0.005 0.006 0.008 0.01 0.012 0.014 0.017 0.02 0.024 0.028 0.032 0.036 0.04 0.043 0.047 0.05 0.052 0.054 0.055 0.055 0.055 0.053 0.051 0.049 0.046 0.043 0.039 0.036 0.033 0.031 0.029 0.028 0.027 0.028 0.03 0.032 0.035 0.039 0.044 0.048 0.053 0.058 0.063
0.174 0.181 0.186 0.187 0.186 0.182 0.175 0.166 0.155 0.143 0.129 0.115 0.101 0.088 0.075 0.063 0.052 0.042 0.034 0.027 0.021 0.016 0.012 0.009 0.006 0.005 0.003 0.002 0.002 0.001 0.001 0.001 0.001 0.001 0.001 0.002 0.002 0.003 0.004 0.005 0.006 0.008 0.01 0.012 0.014 0.017 0.02 0.023 0.027 0.03 0.034 0.037 0.04 0.042 0.045 0.046 0.047 0.047 0.047 0.046 0.044 0.042 0.04 0.037 0.034 0.032 0.03 0.028 0.027 0.026 0.027 0.028 0.03 0.033 0.037 0.041 0.047 0.052 0.058 0.063 0.069
0.178 0.185 0.19 0.191 0.19 0.186 0.179 0.169 0.158 0.145 0.132 0.117 0.103 0.089 0.076 0.064 0.052 0.043 0.034 0.027 0.021 0.016 0.012 0.009 0.007 0.005 0.003 0.002 0.002 0.001 0.001 0.001 0.001 0.001 0.001 0.001 0.002 0.002 0.003 0.004 0.005 0.007 0.008 0.01 0.012 0.014 0.017 0.019 0.022 0.025 0.028 0.031 0.033 0.036 0.038 0.039 0.04 0.04 0.04 0.039 0.038 0.036 0.034 0.032 0.03 0.028 0.026 0.025 0.025 0.025 0.026 0.028 0.03 0.034 0.039 0.044 0.049 0.055 0.062 0.068 0.073
0.18 0.187 0.191 0.193 0.191 0.187 0.18 0.17 0.159 0.146 0.132 0.118 0.103 0.089 0.076 0.064 0.053 0.043 0.034 0.027 0.021 0.016 0.012 0.009 0.007 0.005 0.003 0.002 0.002 0.001 0.001 0.001 0.001 0.001 0.001 0.001 0.002 0.002 0.003 0.003 0.004 0.005 0.007 0.008 0.01 0.012 0.014 0.016 0.018 0.021 0.023 0.026 0.028 0.03 0.031 0.032 0.033 0.033 0.033 0.032 0.031 0.03 0.029 0.027 0.025 0.024 0.023 0.022 0.023 0.023 0.025 0.027 0.031 0.035 0.04 0.045 0.052 0.058 0.065 0.071 0.077
0.179 0.186 0.19 0.191 0.19 0.185 0.178 0.169 0.157 0.145 0.131 0.116 0.102 0.088 0.075 0.063 0.052 0.042 0.034 0.027 0.021 0.016 0.012 0.009 0.006 0.005 0.003 0.002 0.002 0.001 0.001 0.001 0.001 0.001 0.001 0.001 0.001 0.002 0.002 0.003 0.003 0.004 0.005 0.006 0.008 0.009 0.011 0.013 0.015 0.017 0.019 0.021 0.023 0.024 0.026 0.027 0.027 0.027 0.027 0.027 0.026 0.025 0.024 0.023 0.021 0.021 0.02 0.02 0.021 0.022 0.024 0.027 0.031 0.035 0.041 0.047 0.053 0.06 0.067 0.074 0.08
0.175 0.182 0.186 0.187 0.186 0.181 0.174 0.165 0.154 0.141 0.128 0.114 0.099 0.086 0.073 0.061 0.05 0.041 0.033 0.026 0.02 0.015 0.011 0.008 0.006 0.004 0.003 0.002 0.002 0.001 0.001 0.001 0.001 0.001 0.001 0.001 0.001 0.001 0.002 0.002 0.003 0.003 0.004 0.005 0.006 0.008 0.009 0.01 0.012 0.014 0.015 0.017 0.018 0.02 0.021 0.021 0.022 0.022 0.022 0.022 0.021 0.02 0.02 0.019 0.018 0.018 0.018 0.018 0.019 0.021 0.023 0.026 0.03 0.035 0.041 0.047 0.054 0.061 0.069 0.076 0.082
0.169 0.176 0.179 0.18 0.179 0.174 0.168 0.159 0.148 0.136 0.123 0.109 0.096 0.082 0.07 0.059 0.048 0.039 0.031 0.025 0.019 0.015 0.011 0.008 0.006 0.004 0.003 0.002 0.001 0.001 0.001 0.001 0 0 0 0.001 0.001 0.001 0.001 0.002 0.002 0.003 0.003 0.004 0.005 0.006 0.007 0.008 0.01 0.011 0.012 0.013 0.015 0.016 0.016 0.017 0.017 0.018 0.018 0.017 0.017 0.016 0.016 0.015 0.015 0.015 0.015 0.016 0.017 0.019 0.022 0.026 0.03 0.035 0.041 0.047 0.054 0.062 0.069 0.076 0.083
0.161 0.167 0.17 0.171 0.17 0.166 0.159 0.15 0.14 0.128 0.116 0.103 0.09 0.078 0.066 0.055 0.046 0.037 0.029 0.023 0.018 0.014 0.01 0.008 0.006 0.004 0.003 0.002 0.001 0.001 0.001 0 0 0 0 0 0.001 0.001 0.001 0.001 0.002 0.002 0.003 0.003 0.004 0.005 0.005 0.006 0.007 0.008 0.009 0.01 0.011 0.012 0.013 0.013 0.014 0.014 0.014 0.014 0.013 0.013 0.013 0.013 0.013 0.013 0.013 0.014 0.016 0.018 0.021 0.025 0.029 0.034 0.04 0.047 0.054 0.061 0.068 0.076 0.082
0.151 0.156 0.16 0.16 0.159 0.155 0.149 0.141 0.131 0.12 0.108 0.096 0.084 0.073 0.062 0.051 0.042 0.034 0.027 0.022 0.017 0.013 0.01 0.007 0.005 0.004 0.003 0.002 0.001 0.001 0.001 0 0 0 0 0 0 0.001 0.001 0.001 0.001 0.002 0.002 0.002 0.003 0.004 0.004 0.005 0.006 0.007 0.007 0.008 0.009 0.009 0.01 0.01 0.011 0.011 0.011 0.011 0.011 0.01 0.01 0.01 0.01 0.011 0.011 0.013 0.014 0.017 0.02 0.024 0.028 0.033 0.039 0.046 0.053 0.06 0.067 0.074 0.08
0.139 0.144 0.147 0.148 0.146 0.143 0.137 0.129 0.12 0.11 0.099 0.088 0.077 0.067 0.057 0.047 0.039 0.031 0.025 0.02 0.015 0.012 0.009 0.006 0.005 0.003 0.002 0.002 0.001 0.001 0.001 0 0 0 0 0 0 0 0.001 0.001 0.001 0.001 0.001 0.002 0.002 0.003 0.003 0.004 0.004 0.005 0.006 0.006 0.007 0.007 0.008 0.008 0.008 0.008 0.008 0.008 0.008 0.008 0.008 0.008 0.009 0.009 0.01 0.011 0.013 0.016 0.019 0.022 0.027 0.032 0.038 0.044 0.051 0.058 0.064 0.071 0.077
0.127 0.131 0.134 0.135 0.133 0.13 0.124 0.117 0.109 0.1 0.09 0.08 0.07 0.06 0.051 0.043 0.035 0.028 0.023 0.018 0.014 0.01 0.008 0.006 0.004 0.003 0.002 0.001 0.001 0.001 0 0 0 0 0 0 0 0 0 0.001 0.001 0.001 0.001 0.001 0.002 0.002 0.002 0.003 0.003 0.004 0.004 0.005 0.005 0.005 0.006 0.006 0.006 0.006 0.006 0.006 0.006 0.006 0.006 0.007 0.007 0.008 0.009 0.01 0.012 0.014 0.017 0.021 0.025 0.03 0.036 0.042 0.048 0.055 0.061 0.068 0.074
0.114 0.118 0.12 0.121 0.119 0.116 0.111 0.105 0.098 0.089 0.08 0.071 0.062 0.054 0.046 0.038 0.031 0.025 0.02 0.016 0.012 0.009 0.007 0.005 0.004 0.003 0.002 0.001 0.001 0.001 0 0 0 0 0 0 0 0 0 0 0 0.001 0.001 0.001 0.001 0.001 0.002 0.002 0.002 0.003 0.003 0.003 0.004 0.004 0.004 0.004 0.005 0.005 0.005 0.005 0.005 0.005 0.005 0.005 0.006 0.007 0.008 0.009 0.011 0.013 0.016 0.02 0.024 0.028 0.034 0.039 0.045 0.051 0.057 0.063 0.069
0.101 0.104 0.106 0.106 0.105 0.102 0.098 0.092 0.086 0.079 0.071 0.063 0.055 0.047 0.04 0.033 0.027 0.022 0.018 0.014 0.011 0.008 0.006 0.004 0.003 0.002 0.002 0.001 0.001 0.001 0 0 0 0 0 0 0 0 0 0 0 0 0.001 0.001 0.001 0.001 0.001 0.001 0.002 0.002 0.002 0.002 0.003 0.003 0.003 0.003 0.003 0.003 0.004 0.004 0.004 0.004 0.004 0.004 0.005 0.006 0.007 0.008 0.01 0.012 0.015 0.018 0.022 0.026 0.031 0.036 0.042 0.048 0.053 0.059 0.064
0.088 0.091 0.092 0.093 0.091 0.089 0.085 0.08 0.075 0.068 0.061 0.054 0.048 0.041 0.035 0.029 0.024 0.019 0.015 0.012 0.009 0.007 0.005 0.004 0.003 0.002 0.001 0.001 0.001 0 0 0 0 0 0 0 0 0 0 0 0 0 0 0.001 0.001 0.001 0.001 0.001 0.001 0.001 0.002 0.002 0.002 0.002 0.002 0.002 0.002 0.003 0.003 0.003 0.003 0.003 0.003 0.004 0.004 0.005 0.006 0.008 0.009 0.011 0.014 0.017 0.021 0.025 0.029 0.034 0.039 0.044 0.049 0.054 0.058
0.075 0.078 0.079 0.079 0.078 0.076 0.073 0.069 0.064 0.058 0.052 0.047 0.041 0.035 0.03 0.025 0.02 0.016 0.013 0.01 0.008 0.006 0.004 0.003 0.002 0.002 0.001 0.001 0.001 0 0 0 0 0 0 0 0 0 0 0 0 0 0 0 0 0.001 0.001 0.001 0.001 0.001 0.001 0.001 0.001 0.001 0.002 0.002 0.002 0.002 0.002 0.002 0.002 0.003 0.003 0.003 0.004 0.005 0.006 0.007 0.009 0.011 0.013 0.016 0.019 0.023 0.027 0.031 0.036 0.04 0.045 0.049 0.053
0.064 0.066 0.067 0.067 0.066 0.064 0.061 0.058 0.054 0.049 0.044 0.039 0.034 0.029 0.025 0.021 0.017 0.014 0.011 0.009 0.007 0.005 0.004 0.003 0.002 0.001 0.001 0.001 0 0 0 0 0 0 0 0 0 0 0 0 0 0 0 0 0 0 0 0.001 0.001 0.001 0.001 0.001 0.001 0.001 0.001 0.001 0.001 0.001 0.002 0.002 0.002 0.002 0.003 0.003 0.004 0.004 0.005 0.007 0.008 0.01 0.012 0.015 0.018 0.021 0.025 0.029 0.033 0.037 0.041 0.044 0.048
0.053 0.055 0.056 0.056 0.055 0.053 0.051 0.048 0.045 0.041 0.037 0.032 0.028 0.024 0.021 0.017 0.014 0.011 0.009 0.007 0.005 0.004 0.003 0.002 0.002 0.001 0.001 0.001 0 0 0 0 0 0 0 0 0 0 0 0 0 0 0 0 0 0 0 0 0 0 0.001 0.001 0.001 0.001 0.001 0.001 0.001 0.001 0.001 0.001 0.002 0.002 0.002 0.003 0.004 0.004 0.005 0.007 0.008 0.01 0.012 0.015 0.017 0.02 0.024 0.027 0.03 0.034 0.037 0.04 0.043
0.044 0.045 0.046 0.046 0.045 0.044 0.042 0.039 0.037 0.033 0.03 0.027 0.023 0.02 0.017 0.014 0.011 0.009 0.007 0.006 0.004 0.003 0.003 0.002 0.001 0.001 0.001 0 0 0 0 0 0 0 0 0 0 0 0 0 0 0 0 0 0 0 0 0 0 0 0 0 0 0.001 0.001 0.001 0.001 0.001 0.001 0.001 0.002 0.002 0.002 0.003 0.004 0.005 0.006 0.007 0.009 0.01 0.012 0.015 0.017 0.02 0.023 0.026 0.029 0.032 0.035 0.037 0.04
0.035 0.036 0.037 0.037 0.036 0.035 0.034 0.032 0.029 0.027 0.024 0.021 0.019 0.016 0.013 0.011 0.009 0.007 0.006 0.005 0.004 0.003 0.002 0.001 0.001 0.001 0.001 0 0 0 0 0 0 0 0 0 0 0 0 0 0 0 0 0 0 0 0 0 0 0 0 0 0 0 0.001 0.001 0.001 0.001 0.001 0.001 0.002 0.002 0.003 0.003 0.004 0.005 0.006 0.008 0.009 0.011 0.013 0.015 0.017 0.02 0.023 0.025 0.028 0.03 0.033 0.035 0.037
0.028 0.029 0.029 0.029 0.029 0.028 0.027 0.025 0.023 0.021 0.019 0.017 0.015 0.013 0.011 0.009 0.007 0.006 0.005 0.004 0.003 0.002 0.002 0.001 0.001 0.001 0 0 0 0 0 0 0 0 0 0 0 0 0 0 0 0 0 0 0 0 0 0 0 0 0 0 0 0 0 0.001 0.001 0.001 0.001 0.001 0.002 0.002 0.003 0.004 0.005 0.006 0.007 0.008 0.01 0.012 0.014 0.016 0.018 0.021 0.023 0.026 0.028 0.03 0.032 0.034 0.035
0.022 0.023 0.023 0.023 0.023 0.022 0.021 0.02 0.018 0.017 0.015 0.013 0.012 0.01 0.008 0.007 0.006 0.005 0.004 0.003 0.002 0.002 0.001 0.001 0.001 0 0 0 0 0 0 0 0 0 0 0 0 0 0 0 0 0 0 0 0 0 0 0 0 0 0 0 0 0 0 0.001 0.001 0.001 0.001 0.002 0.002 0.003 0.003 0.004 0.005 0.007 0.008 0.01 0.012 0.014 0.016 0.018 0.02 0.023 0.025 0.027 0.029 0.031 0.032 0.033 0.034
0.017 0.018 0.018 0.018 0.018 0.017 0.016 0.015 0.014 0.013 0.012 0.01 0.009 0.008 0.006 0.005 0.004 0.004 0.003 0.002 0.002 0.001 0.001 0.001 0.001 0 0 0 0 0 0 0 0 0 0 0 0 0 0 0 0 0 0 0 0 0 0 0 0 0 0 0 0 0 0 0.001 0.001 0.001 0.001 0.002 0.003 0.003 0.004 0.005 0.006 0.008 0.01 0.011 0.014 0.016 0.018 0.02 0.023 0.025 0.027 0.029 0.031 0.033 0.034 0.035 0.035
0.013 0.014 0.014 0.014 0.013 0.013 0.012 0.012 0.011 0.01 0.009 0.008 0.007 0.006 0.005 0.004 0.003 0.003 0.002 0.002 0.001 0.001 0.001 0.001 0 0 0 0 0 0 0 0 0 0 0 0 0 0 0 0 0 0 0 0 0 0 0 0 0 0 0 0 0 0 0 0.001 0.001 0.001 0.002 0.002 0.003 0.004 0.005 0.006 0.008 0.009 0.011 0.014 0.016 0.018 0.021 0.024 0.026 0.029 0.031 0.033 0.034 0.036 0.037 0.037 0.037
0.01 0.01 0.01 0.01 0.01 0.01 0.009 0.009 0.008 0.007 0.007 0.006 0.005 0.004 0.004 0.003 0.002 0.002 0.002 0.001 0.001 0.001 0.001 0 0 0 0 0 0 0 0 0 0 0 0 0 0 0 0 0 0 0 0 0 0 0 0 0 0 0 0 0 0 0 0.001 0.001 0.001 0.002 0.002 0.003 0.004 0.005 0.006 0.007 0.009 0.011 0.014 0.016 0.019 0.022 0.025 0.027 0.03 0.033 0.035 0.037 0.039 0.04 0.041 0.041 0.04
0.008 0.008 0.008 0.008 0.007 0.007 0.007 0.006 0.006 0.005 0.005 0.004 0.004 0.003 0.003 0.002 0.002 0.001 0.001 0.001 0.001 0.001 0 0 0 0 0 0 0 0 0 0 0 0 0 0 0 0 0 0 0 0 0 0 0 0 0 0 0 0 0 0 0 0 0.001 0.001 0.001 0.002 0.002 0.003 0.004 0.005 0.007 0.009 0.011 0.013 0.016 0.019 0.022 0.025 0.029 0.032 0.035 0.038 0.041 0.043 0.044 0.045 0.046 0.045 0.044
0.006 0.006 0.006 0.006 0.006 0.005 0.005 0.005 0.004 0.004 0.004 0.003 0.003 0.002 0.002 0.002 0.001 0.001 0.001 0.001 0.001 0 0 0 0 0 0 0 0 0 0 0 0 0 0 0 0 0 0 0 0 0 0 0 0 0 0 0 0 0 0 0 0 0.001 0.001 0.001 0.002 0.002 0.003 0.004 0.005 0.006 0.008 0.01 0.013 0.016 0.019 0.022 0.026 0.03 0.033 0.037 0.041 0.044 0.047 0.049 0.051 0.052 0.052 0.051 0.05
0.004 0.004 0.004 0.004 0.004 0.004 0.004 0.003 0.003 0.003 0.003 0.002 0.002 0.002 0.001 0.001 0.001 0.001 0.001 0 0 0 0 0 0 0 0 0 0 0 0 0 0 0 0 0 0 0 0 0 0 0 0 0 0 0 0 0 0 0 0 0 0 0.001 0.001 0.001 0.002 0.002 0.003 0.004 0.006 0.007 0.01 0.012 0.015 0.018 0.022 0.026 0.03 0.034 0.039 0.043 0.047 0.051 0.054 0.056 0.058 0.059 0.059 0.058 0.056
