Heavy_metals_comparison/usgrids5km/dairp.asc
NCOLS 940
NROWS 592
XLLCORNER -2405000
YLLCORNER 260000
CELLSIZE 5000
NODATA_VALUE -1
[rows 144 to 179 of 592, columns 729 to 809 of 940]
0 0 0 0 0 0 0 0 0 0 0 0 0 0 0 0 0 0 0 0 0 0 0 0 0 0 0 0 0 0 0 0 0 0.001 0.001 0.001 0.001 0.001 0.001 0.001 0.001 0.001 0.001 0.002 0.002 0.002 0.003 0.004 0.005 0.007 0.009 0.011 0.015 0.019 0.024 0.031 0.039 0.048 0.058 0.069 0.082 0.096 0.11 0.125 0.14 0.154 0.168 0.18 0.19 0.197 0.203 0.205 0.205 0.202 0.196 0.188 0.178 0.167 0.154 0.141 0.128
0 0 0 0 0 0 0 0 0 0 0 0 0 0 0 0 0 0 0 0 0 0 0 0 0 0 0 0.001 0.001 0.001 0.001 0.001 0.001 0.001 0.001 0.001 0.001 0.001 0.001 0.001 0.001 0.002 0.002 0.002 0.002 0.003 0.004 0.004 0.005 0.007 0.009 0.012 0.015 0.019 0.024 0.03 0.038 0.047 0.057 0.068 0.08 0.094 0.108 0.122 0.136 0.15 0.163 0.175 0.184 0.192 0.197 0.199 0.199 0.196 0.191 0.184 0.174 0.163 0.151 0.139 0.126
0 0 0 0 0 0 0 0 0 0 0 0 0 0 0 0 0 0 0 0 0 0.001 0.001 0.001 0.001 0.001 0.001 0.001 0.001 0.001 0.001 0.001 0.001 0.001 0.001 0.001 0.001 0.002 0.002 0.002 0.002 0.002 0.003 0.003 0.003 0.004 0.004 0.005 0.006 0.007 0.009 0.012 0.015 0.019 0.024 0.03 0.037 0.045 0.055 0.066 0.078 0.09 0.104 0.118 0.131 0.145 0.157 0.168 0.178 0.185 0.19 0.192 0.192 0.19 0.185 0.178 0.169 0.159 0.148 0.136 0.124
0 0 0 0 0 0 0 0 0 0 0 0 0 0 0 0 0 0 0.001 0.001 0.001 0.001 0.001 0.001 0.001 0.001 0.001 0.001 0.001 0.001 0.001 0.001 0.001 0.002 0.002 0.002 0.002 0.002 0.002 0.003 0.003 0.003 0.003 0.004 0.004 0.004 0.005 0.006 0.007 0.008 0.01 0.012 0.015 0.019 0.023 0.029 0.036 0.044 0.053 0.063 0.074 0.086 0.099 0.112 0.126 0.138 0.15 0.161 0.17 0.177 0.182 0.185 0.185 0.183 0.179 0.172 0.164 0.155 0.145 0.134 0.123
0 0 0 0 0 0 0 0 0 0 0 0 0 0 0 0 0.001 0.001 0.001 0.001 0.001 0.001 0.001 0.001 0.001 0.002 0.002 0.002 0.002 0.002 0.002 0.002 0.002 0.002 0.002 0.003 0.003 0.003 0.003 0.004 0.004 0.004 0.004 0.005 0.005 0.006 0.006 0.007 0.008 0.009 0.011 0.013 0.015 0.019 0.023 0.028 0.034 0.042 0.05 0.06 0.071 0.082 0.094 0.107 0.119 0.131 0.143 0.153 0.162 0.169 0.174 0.177 0.177 0.176 0.172 0.167 0.16 0.151 0.142 0.132 0.122
0 0 0 0 0 0 0 0 0 0 0 0 0 0 0.001 0.001 0.001 0.001 0.001 0.001 0.001 0.002 0.002 0.002 0.002 0.002 0.002 0.002 0.003 0.003 0.003 0.003 0.003 0.003 0.003 0.004 0.004 0.004 0.005 0.005 0.005 0.006 0.006 0.006 0.007 0.007 0.008 0.008 0.009 0.01 0.012 0.013 0.016 0.019 0.023 0.028 0.033 0.04 0.048 0.057 0.067 0.078 0.089 0.101 0.113 0.124 0.135 0.145 0.154 0.161 0.166 0.169 0.17 0.169 0.166 0.161 0.155 0.148 0.14 0.131 0.122
0 0 0 0 0 0 0 0 0 0 0 0 0.001 0.001 0.001 0.001 0.001 0.001 0.002 0.002 0.002 0.002 0.003 0.003 0.003 0.003 0.003 0.003 0.004 0.004 0.004 0.004 0.004 0.004 0.005 0.005 0.005 0.006 0.006 0.007 0.007 0.007 0.008 0.008 0.009 0.009 0.01 0.01 0.011 0.012 0.013 0.014 0.017 0.019 0.023 0.027 0.032 0.039 0.046 0.054 0.064 0.074 0.085 0.096 0.107 0.118 0.128 0.138 0.146 0.153 0.158 0.161 0.163 0.163 0.161 0.157 0.152 0.146 0.139 0.131 0.123
0 0 0 0 0 0 0 0 0 0 0 0.001 0.001 0.001 0.001 0.001 0.002 0.002 0.002 0.003 0.003 0.003 0.004 0.004 0.004 0.004 0.005 0.005 0.005 0.005 0.005 0.006 0.006 0.006 0.006 0.007 0.007 0.008 0.008 0.009 0.009 0.01 0.01 0.011 0.011 0.012 0.012 0.013 0.013 0.014 0.015 0.016 0.018 0.02 0.023 0.027 0.032 0.038 0.044 0.052 0.061 0.07 0.08 0.091 0.101 0.112 0.122 0.131 0.139 0.146 0.151 0.155 0.157 0.158 0.157 0.154 0.15 0.145 0.139 0.132 0.125
0 0 0 0 0 0 0 0 0 0.001 0.001 0.001 0.001 0.001 0.002 0.002 0.002 0.003 0.003 0.004 0.004 0.005 0.005 0.005 0.006 0.006 0.006 0.007 0.007 0.007 0.007 0.008 0.008 0.008 0.008 0.009 0.009 0.01 0.011 0.011 0.012 0.013 0.013 0.014 0.014 0.015 0.015 0.016 0.016 0.016 0.017 0.018 0.02 0.021 0.024 0.027 0.032 0.037 0.043 0.05 0.058 0.067 0.077 0.086 0.097 0.107 0.116 0.125 0.133 0.14 0.146 0.15 0.153 0.154 0.154 0.152 0.149 0.145 0.14 0.135 0.129
0 0 0 0 0 0 0 0 0.001 0.001 0.001 0.001 0.001 0.002 0.002 0.003 0.003 0.004 0.004 0.005 0.006 0.006 0.007 0.007 0.008 0.008 0.009 0.009 0.009 0.01 0.01 0.01 0.01 0.011 0.011 0.012 0.012 0.013 0.014 0.015 0.015 0.016 0.017 0.018 0.018 0.019 0.019 0.019 0.02 0.02 0.02 0.021 0.022 0.023 0.025 0.028 0.032 0.037 0.042 0.049 0.056 0.065 0.074 0.083 0.093 0.103 0.112 0.121 0.129 0.136 0.142 0.147 0.15 0.152 0.153 0.152 0.15 0.147 0.143 0.139 0.133
0 0 0 0 0 0 0 0.001 0.001 0.001 0.001 0.002 0.002 0.002 0.003 0.004 0.004 0.005 0.006 0.007 0.008 0.008 0.009 0.01 0.011 0.011 0.012 0.012 0.013 0.013 0.013 0.013 0.014 0.014 0.015 0.015 0.016 0.017 0.018 0.019 0.02 0.021 0.021 0.022 0.023 0.023 0.024 0.024 0.024 0.024 0.024 0.024 0.025 0.026 0.027 0.03 0.033 0.037 0.042 0.048 0.055 0.063 0.072 0.081 0.09 0.1 0.109 0.118 0.126 0.134 0.14 0.145 0.149 0.152 0.153 0.153 0.152 0.15 0.147 0.143 0.139
0 0 0 0 0 0 0.001 0.001 0.001 0.001 0.002 0.002 0.003 0.003 0.004 0.005 0.006 0.007 0.008 0.009 0.01 0.011 0.012 0.013 0.014 0.015 0.016 0.016 0.017 0.017 0.017 0.018 0.018 0.018 0.019 0.02 0.02 0.021 0.022 0.023 0.025 0.026 0.027 0.028 0.028 0.029 0.029 0.029 0.029 0.029 0.028 0.028 0.028 0.029 0.03 0.032 0.035 0.038 0.043 0.048 0.055 0.062 0.071 0.079 0.089 0.098 0.107 0.116 0.125 0.132 0.139 0.145 0.149 0.153 0.155 0.156 0.156 0.154 0.152 0.149 0.145
0 0 0 0 0 0 0.001 0.001 0.001 0.002 0.002 0.003 0.003 0.004 0.005 0.006 0.008 0.009 0.01 0.012 0.013 0.015 0.016 0.017 0.018 0.019 0.02 0.021 0.022 0.022 0.022 0.023 0.023 0.024 0.024 0.025 0.026 0.027 0.028 0.029 0.03 0.032 0.033 0.034 0.034 0.035 0.035 0.035 0.034 0.034 0.033 0.033 0.033 0.033 0.033 0.035 0.037 0.04 0.044 0.049 0.055 0.063 0.071 0.079 0.088 0.098 0.107 0.116 0.125 0.133 0.14 0.146 0.151 0.155 0.158 0.16 0.16 0.16 0.158 0.156 0.152
0 0 0 0 0 0.001 0.001 0.001 0.002 0.002 0.003 0.003 0.004 0.005 0.007 0.008 0.01 0.011 0.013 0.015 0.017 0.019 0.021 0.022 0.024 0.025 0.026 0.027 0.028 0.028 0.028 0.029 0.029 0.03 0.03 0.031 0.032 0.033 0.034 0.035 0.037 0.038 0.039 0.041 0.041 0.042 0.042 0.042 0.041 0.04 0.039 0.038 0.037 0.037 0.037 0.038 0.039 0.042 0.046 0.051 0.057 0.064 0.071 0.08 0.089 0.098 0.108 0.117 0.126 0.134 0.142 0.149 0.154 0.159 0.162 0.164 0.166 0.166 0.165 0.163 0.16
0 0 0 0 0.001 0.001 0.001 0.001 0.002 0.003 0.003 0.004 0.006 0.007 0.008 0.01 0.012 0.014 0.017 0.019 0.021 0.024 0.026 0.028 0.03 0.032 0.033 0.034 0.035 0.035 0.036 0.036 0.036 0.037 0.037 0.038 0.039 0.04 0.041 0.043 0.044 0.046 0.047 0.048 0.049 0.049 0.049 0.049 0.048 0.047 0.045 0.044 0.043 0.042 0.041 0.042 0.043 0.045 0.048 0.053 0.058 0.065 0.073 0.081 0.091 0.1 0.11 0.119 0.129 0.137 0.145 0.152 0.158 0.163 0.167 0.17 0.172 0.172 0.172 0.17 0.167
0 0 0 0 0.001 0.001 0.001 0.002 0.002 0.003 0.004 0.005 0.007 0.009 0.011 0.013 0.015 0.018 0.021 0.024 0.027 0.03 0.032 0.035 0.037 0.039 0.041 0.042 0.043 0.044 0.044 0.045 0.045 0.045 0.045 0.046 0.047 0.048 0.049 0.051 0.052 0.054 0.055 0.056 0.057 0.057 0.057 0.057 0.055 0.054 0.052 0.05 0.048 0.047 0.046 0.046 0.046 0.048 0.051 0.055 0.061 0.067 0.075 0.084 0.093 0.102 0.112 0.122 0.132 0.141 0.149 0.156 0.163 0.168 0.172 0.176 0.178 0.179 0.179 0.177 0.174
0 0 0 0.001 0.001 0.001 0.002 0.002 0.003 0.004 0.005 0.007 0.008 0.011 0.013 0.016 0.019 0.022 0.025 0.029 0.033 0.036 0.04 0.043 0.046 0.048 0.05 0.052 0.053 0.054 0.054 0.054 0.054 0.055 0.055 0.055 0.056 0.057 0.058 0.059 0.061 0.062 0.064 0.065 0.066 0.066 0.066 0.065 0.063 0.061 0.059 0.057 0.054 0.052 0.051 0.05 0.05 0.052 0.054 0.058 0.064 0.07 0.078 0.086 0.096 0.105 0.115 0.125 0.135 0.144 0.153 0.161 0.168 0.173 0.178 0.182 0.184 0.185 0.185 0.184 0.181
0 0 0 0.001 0.001 0.001 0.002 0.003 0.004 0.005 0.006 0.008 0.01 0.013 0.016 0.019 0.023 0.027 0.031 0.035 0.04 0.044 0.048 0.052 0.056 0.059 0.061 0.063 0.064 0.065 0.065 0.065 0.065 0.065 0.065 0.065 0.065 0.066 0.067 0.069 0.07 0.071 0.073 0.074 0.075 0.075 0.074 0.073 0.071 0.069 0.066 0.063 0.061 0.058 0.056 0.055 0.055 0.056 0.058 0.062 0.067 0.073 0.081 0.089 0.099 0.109 0.119 0.129 0.139 0.149 0.157 0.165 0.173 0.179 0.184 0.187 0.19 0.191 0.192 0.19 0.188
0 0 0.001 0.001 0.001 0.002 0.002 0.003 0.004 0.006 0.007 0.01 0.012 0.015 0.019 0.022 0.027 0.032 0.037 0.042 0.047 0.053 0.058 0.062 0.066 0.07 0.073 0.075 0.076 0.077 0.078 0.077 0.077 0.076 0.076 0.076 0.076 0.076 0.077 0.078 0.079 0.081 0.082 0.083 0.083 0.083 0.082 0.081 0.079 0.076 0.073 0.07 0.067 0.064 0.061 0.059 0.059 0.059 0.062 0.065 0.07 0.076 0.084 0.092 0.102 0.112 0.122 0.133 0.143 0.153 0.162 0.17 0.177 0.184 0.189 0.193 0.196 0.197 0.197 0.196 0.194
0 0 0.001 0.001 0.001 0.002 0.003 0.004 0.005 0.007 0.009 0.011 0.014 0.018 0.022 0.026 0.032 0.037 0.043 0.049 0.056 0.062 0.068 0.073 0.078 0.082 0.086 0.088 0.09 0.091 0.091 0.09 0.09 0.089 0.088 0.087 0.087 0.087 0.087 0.088 0.089 0.09 0.091 0.091 0.092 0.091 0.09 0.089 0.086 0.083 0.08 0.076 0.072 0.069 0.066 0.064 0.063 0.063 0.065 0.068 0.073 0.08 0.087 0.096 0.105 0.116 0.126 0.137 0.147 0.157 0.166 0.175 0.182 0.189 0.194 0.198 0.201 0.202 0.203 0.201 0.199
0 0.001 0.001 0.001 0.002 0.002 0.003 0.004 0.006 0.008 0.01 0.013 0.016 0.02 0.025 0.03 0.036 0.043 0.05 0.057 0.064 0.071 0.078 0.085 0.09 0.095 0.099 0.102 0.104 0.105 0.105 0.104 0.103 0.101 0.1 0.099 0.098 0.097 0.097 0.097 0.098 0.099 0.099 0.1 0.1 0.099 0.098 0.096 0.093 0.09 0.086 0.082 0.078 0.074 0.071 0.068 0.067 0.067 0.069 0.072 0.077 0.083 0.091 0.099 0.109 0.119 0.13 0.141 0.151 0.161 0.171 0.179 0.187 0.193 0.198 0.203 0.205 0.207 0.207 0.206 0.203
0 0.001 0.001 0.001 0.002 0.003 0.004 0.005 0.007 0.009 0.011 0.015 0.018 0.023 0.028 0.035 0.041 0.049 0.057 0.065 0.073 0.081 0.089 0.097 0.103 0.109 0.113 0.116 0.118 0.119 0.119 0.118 0.116 0.114 0.112 0.11 0.109 0.108 0.107 0.106 0.106 0.107 0.107 0.107 0.107 0.106 0.104 0.102 0.099 0.095 0.091 0.087 0.082 0.078 0.075 0.072 0.071 0.071 0.072 0.075 0.08 0.086 0.094 0.103 0.113 0.123 0.134 0.145 0.155 0.165 0.175 0.183 0.191 0.197 0.203 0.207 0.21 0.211 0.211 0.21 0.207
0 0.001 0.001 0.001 0.002 0.003 0.004 0.005 0.007 0.01 0.013 0.016 0.021 0.026 0.032 0.039 0.046 0.055 0.064 0.073 0.082 0.091 0.1 0.109 0.116 0.122 0.127 0.131 0.133 0.134 0.133 0.132 0.13 0.127 0.124 0.122 0.119 0.117 0.116 0.115 0.114 0.114 0.114 0.113 0.113 0.111 0.109 0.107 0.103 0.1 0.095 0.091 0.086 0.082 0.078 0.075 0.074 0.074 0.076 0.079 0.084 0.09 0.098 0.107 0.116 0.127 0.138 0.149 0.159 0.17 0.179 0.188 0.195 0.202 0.207 0.211 0.214 0.215 0.215 0.214 0.211
0.001 0.001 0.001 0.002 0.002 0.003 0.004 0.006 0.008 0.011 0.014 0.018 0.023 0.029 0.035 0.043 0.051 0.06 0.07 0.08 0.091 0.101 0.111 0.12 0.128 0.135 0.141 0.145 0.147 0.148 0.147 0.146 0.143 0.14 0.136 0.133 0.129 0.126 0.124 0.122 0.121 0.12 0.119 0.118 0.117 0.115 0.113 0.11 0.107 0.103 0.098 0.093 0.089 0.085 0.081 0.078 0.077 0.077 0.079 0.082 0.087 0.094 0.101 0.111 0.121 0.131 0.142 0.153 0.164 0.174 0.183 0.192 0.199 0.206 0.211 0.215 0.218 0.219 0.219 0.217 0.214
0.001 0.001 0.001 0.002 0.002 0.003 0.005 0.006 0.009 0.012 0.015 0.02 0.025 0.031 0.038 0.046 0.056 0.066 0.076 0.088 0.099 0.11 0.121 0.131 0.14 0.148 0.154 0.158 0.16 0.161 0.16 0.158 0.155 0.151 0.147 0.142 0.138 0.134 0.131 0.129 0.126 0.125 0.123 0.122 0.12 0.118 0.116 0.112 0.109 0.105 0.1 0.095 0.091 0.087 0.083 0.081 0.08 0.08 0.082 0.085 0.091 0.097 0.105 0.115 0.125 0.136 0.147 0.158 0.168 0.179 0.188 0.196 0.204 0.21 0.215 0.219 0.221 0.222 0.222 0.22 0.217
0.001 0.001 0.001 0.002 0.003 0.004 0.005 0.007 0.009 0.012 0.016 0.021 0.027 0.033 0.041 0.05 0.06 0.07 0.082 0.094 0.106 0.118 0.13 0.141 0.151 0.159 0.165 0.17 0.172 0.173 0.172 0.17 0.166 0.161 0.156 0.151 0.146 0.141 0.137 0.133 0.13 0.128 0.126 0.124 0.122 0.119 0.116 0.113 0.109 0.105 0.101 0.096 0.092 0.088 0.085 0.083 0.082 0.083 0.085 0.089 0.094 0.101 0.11 0.119 0.13 0.141 0.152 0.163 0.173 0.184 0.193 0.201 0.208 0.215 0.219 0.223 0.225 0.226 0.225 0.223 0.219
0.001 0.001 0.001 0.002 0.003 0.004 0.005 0.007 0.01 0.013 0.017 0.022 0.028 0.035 0.043 0.053 0.063 0.075 0.087 0.1 0.113 0.125 0.138 0.149 0.16 0.168 0.175 0.18 0.183 0.184 0.182 0.179 0.175 0.17 0.164 0.158 0.152 0.146 0.141 0.136 0.133 0.129 0.127 0.124 0.121 0.119 0.116 0.112 0.108 0.104 0.1 0.096 0.092 0.088 0.086 0.084 0.084 0.085 0.088 0.092 0.098 0.106 0.115 0.125 0.135 0.146 0.157 0.168 0.179 0.189 0.198 0.206 0.213 0.219 0.224 0.227 0.229 0.229 0.228 0.226 0.222
0.001 0.001 0.002 0.002 0.003 0.004 0.006 0.008 0.01 0.014 0.018 0.023 0.029 0.037 0.045 0.055 0.066 0.078 0.091 0.104 0.117 0.131 0.144 0.156 0.167 0.176 0.183 0.188 0.191 0.192 0.19 0.187 0.182 0.176 0.17 0.163 0.156 0.149 0.143 0.138 0.133 0.129 0.126 0.123 0.119 0.116 0.113 0.11 0.106 0.102 0.098 0.094 0.091 0.088 0.086 0.085 0.086 0.087 0.091 0.096 0.103 0.111 0.12 0.13 0.141 0.152 0.164 0.175 0.185 0.195 0.204 0.212 0.219 0.224 0.229 0.231 0.233 0.233 0.232 0.229 0.224
0.001 0.001 0.002 0.002 0.003 0.004 0.006 0.008 0.011 0.014 0.019 0.024 0.03 0.038 0.047 0.057 0.068 0.08 0.093 0.107 0.121 0.135 0.148 0.161 0.172 0.182 0.189 0.194 0.197 0.197 0.196 0.192 0.187 0.181 0.173 0.166 0.158 0.151 0.144 0.138 0.132 0.127 0.123 0.12 0.116 0.113 0.11 0.106 0.103 0.099 0.095 0.092 0.089 0.087 0.086 0.086 0.087 0.09 0.094 0.1 0.107 0.116 0.126 0.136 0.147 0.159 0.17 0.181 0.192 0.202 0.21 0.218 0.224 0.23 0.233 0.236 0.237 0.237 0.235 0.231 0.226
0.001 0.001 0.002 0.003 0.003 0.005 0.006 0.008 0.011 0.015 0.019 0.024 0.031 0.038 0.047 0.058 0.069 0.081 0.095 0.109 0.123 0.137 0.151 0.164 0.175 0.185 0.192 0.197 0.2 0.201 0.199 0.195 0.189 0.183 0.175 0.167 0.158 0.15 0.143 0.136 0.13 0.124 0.119 0.115 0.112 0.108 0.105 0.101 0.098 0.095 0.092 0.089 0.087 0.086 0.086 0.086 0.089 0.092 0.097 0.104 0.112 0.121 0.132 0.143 0.154 0.166 0.177 0.188 0.199 0.208 0.217 0.224 0.23 0.235 0.238 0.24 0.241 0.24 0.237 0.233 0.227
0.001 0.002 0.002 0.003 0.004 0.005 0.007 0.009 0.012 0.015 0.019 0.025 0.031 0.039 0.048 0.058 0.069 0.082 0.095 0.109 0.123 0.138 0.151 0.164 0.176 0.185 0.193 0.198 0.201 0.201 0.199 0.195 0.19 0.182 0.174 0.165 0.156 0.148 0.14 0.132 0.125 0.12 0.114 0.11 0.106 0.102 0.099 0.096 0.093 0.09 0.088 0.086 0.085 0.084 0.085 0.087 0.09 0.095 0.101 0.108 0.117 0.127 0.138 0.149 0.161 0.173 0.184 0.196 0.206 0.215 0.223 0.23 0.236 0.24 0.243 0.244 0.244 0.243 0.239 0.235 0.228
0.001 0.002 0.002 0.003 0.004 0.005 0.007 0.009 0.012 0.015 0.02 0.025 0.031 0.039 0.048 0.058 0.069 0.081 0.094 0.108 0.122 0.137 0.15 0.163 0.174 0.184 0.191 0.196 0.199 0.199 0.197 0.193 0.187 0.18 0.171 0.162 0.153 0.144 0.135 0.127 0.12 0.114 0.108 0.103 0.099 0.096 0.092 0.09 0.087 0.085 0.083 0.082 0.082 0.083 0.084 0.087 0.092 0.097 0.104 0.113 0.122 0.133 0.144 0.156 0.168 0.18 0.192 0.203 0.213 0.222 0.23 0.236 0.241 0.245 0.247 0.248 0.247 0.245 0.241 0.236 0.229
0.002 0.002 0.003 0.003 0.005 0.006 0.007 0.01 0.012 0.016 0.02 0.025 0.031 0.039 0.047 0.057 0.068 0.08 0.093 0.106 0.12 0.134 0.147 0.16 0.171 0.18 0.188 0.193 0.195 0.195 0.193 0.189 0.183 0.175 0.166 0.157 0.148 0.138 0.129 0.121 0.114 0.107 0.101 0.096 0.092 0.089 0.085 0.083 0.081 0.079 0.078 0.078 0.079 0.081 0.084 0.088 0.093 0.1 0.108 0.117 0.128 0.139 0.151 0.163 0.175 0.187 0.199 0.209 0.219 0.228 0.235 0.241 0.246 0.249 0.25 0.251 0.249 0.246 0.241 0.235 0.228
0.002 0.003 0.003 0.004 0.005 0.006 0.008 0.01 0.013 0.016 0.02 0.025 0.031 0.039 0.047 0.056 0.067 0.078 0.091 0.104 0.117 0.131 0.143 0.155 0.166 0.175 0.182 0.187 0.189 0.189 0.187 0.183 0.177 0.169 0.16 0.151 0.141 0.132 0.123 0.114 0.107 0.1 0.094 0.089 0.085 0.081 0.078 0.076 0.075 0.074 0.074 0.074 0.076 0.079 0.083 0.088 0.095 0.102 0.111 0.122 0.133 0.145 0.157 0.169 0.182 0.194 0.205 0.215 0.225 0.233 0.24 0.245 0.249 0.252 0.253 0.252 0.25 0.246 0.241 0.234 0.226
0.003 0.003 0.004 0.005 0.006 0.007 0.009 0.011 0.014 0.017 0.021 0.026 0.032 0.039 0.046 0.055 0.065 0.077 0.088 0.101 0.114 0.126 0.138 0.15 0.16 0.169 0.175 0.18 0.182 0.182 0.179 0.175 0.169 0.161 0.153 0.143 0.134 0.124 0.115 0.107 0.099 0.092 0.086 0.081 0.077 0.074 0.071 0.07 0.069 0.068 0.069 0.071 0.073 0.077 0.082 0.088 0.096 0.105 0.115 0.126 0.137 0.15 0.162 0.175 0.187 0.199 0.21 0.22 0.229 0.237 0.243 0.248 0.252 0.253 0.253 0.252 0.249 0.245 0.239 0.232 0.223
0.003 0.004 0.005 0.006 0.007 0.009 0.01 0.012 0.015 0.018 0.022 0.027 0.032 0.039 0.046 0.055 0.064 0.075 0.086 0.098 0.11 0.122 0.133 0.144 0.153 0.161 0.167 0.172 0.174 0.173 0.171 0.167 0.16 0.153 0.145 0.135 0.126 0.117 0.108 0.099 0.092 0.085 0.079 0.074 0.07 0.067 0.065 0.063 0.063 0.063 0.065 0.067 0.071 0.076 0.082 0.089 0.097 0.107 0.118 0.129 0.142 0.154 0.167 0.18 0.192 0.204 0.214 0.224 0.233 0.24 0.245 0.249 0.252 0.253 0.253 0.251 0.247 0.242 0.236 0.228 0.219
