Heavy_metals_comparison/usgrids5km/dquksig.asc
NCOLS 940
NROWS 592
XLLCORNER -2405000
YLLCORNER 260000
CELLSIZE 5000
NODATA_VALUE -1
[rows 220 to 274 of 592, columns 0 to 95 of 940]
0 0 0 0 0 0 0 0 0 0 0.001 0.001 0.002 0.003 0.003 0.004 0.005 0.009 0.014 0.02 0.027 0.033 0.037 0.037 0.036 0.033 0.029 0.022 0.014 0.007 0.003 0.001 0 0 0 0 0 0 0.001 0.002 0.003 0.004 0.005 0.005 0.006 0.009 0.019 0.041 0.078 0.121 0.151 0.15 0.12 0.076 0.038 0.015 0.005 0.002 0.002 0.003 0.005 0.009 0.013 0.018 0.022 0.024 0.025 0.024 0.021 0.018 0.014 0.012 0.012 0.013 0.015 0.015 0.014 0.013 0.011 0.01 0.008 0.006 0.004 0.002 0.001 0 0 0 0 0 0.001 0.001 0.003 0.005 0.008 0.009
0 0.001 0.001 0.001 0.001 0.001 0.001 0 0 0 0 0 0.001 0.001 0.001 0.002 0.004 0.007 0.011 0.017 0.024 0.03 0.034 0.035 0.032 0.028 0.023 0.017 0.011 0.006 0.002 0.001 0 0 0 0 0 0 0 0.001 0.001 0.001 0.002 0.002 0.003 0.007 0.019 0.042 0.08 0.122 0.149 0.146 0.115 0.072 0.036 0.014 0.005 0.003 0.003 0.005 0.008 0.011 0.015 0.019 0.021 0.023 0.023 0.023 0.022 0.02 0.018 0.017 0.016 0.017 0.018 0.019 0.019 0.018 0.016 0.015 0.012 0.009 0.006 0.003 0.001 0.001 0.001 0.001 0.001 0.001 0.001 0.001 0.002 0.004 0.005 0.006
0.001 0.001 0.002 0.003 0.003 0.003 0.002 0.001 0 0 0 0 0 0 0 0.001 0.002 0.005 0.008 0.013 0.019 0.025 0.029 0.03 0.028 0.024 0.019 0.014 0.009 0.005 0.002 0.001 0 0 0 0 0 0 0 0 0 0 0.001 0.001 0.002 0.006 0.015 0.035 0.065 0.098 0.118 0.115 0.089 0.055 0.027 0.011 0.005 0.004 0.006 0.009 0.012 0.015 0.017 0.019 0.02 0.021 0.022 0.023 0.024 0.025 0.024 0.023 0.022 0.022 0.023 0.024 0.024 0.023 0.021 0.018 0.015 0.011 0.007 0.004 0.002 0.002 0.002 0.003 0.003 0.003 0.002 0.001 0.001 0.002 0.003 0.003
0.001 0.003 0.004 0.006 0.006 0.005 0.004 0.002 0.001 0 0 0 0 0 0 0 0.001 0.003 0.005 0.008 0.013 0.018 0.023 0.025 0.025 0.023 0.02 0.016 0.011 0.006 0.003 0.001 0 0 0 0 0 0 0 0 0 0 0 0 0.001 0.004 0.01 0.023 0.042 0.063 0.075 0.072 0.055 0.034 0.017 0.008 0.005 0.006 0.01 0.013 0.016 0.018 0.019 0.019 0.019 0.02 0.022 0.024 0.028 0.03 0.032 0.032 0.031 0.03 0.031 0.032 0.031 0.029 0.025 0.021 0.017 0.012 0.008 0.004 0.003 0.003 0.004 0.006 0.006 0.005 0.004 0.002 0.001 0.001 0.001 0.001
0.002 0.004 0.006 0.008 0.009 0.008 0.005 0.003 0.001 0 0 0 0 0 0 0 0.001 0.001 0.003 0.005 0.008 0.013 0.018 0.022 0.024 0.025 0.024 0.02 0.014 0.008 0.004 0.002 0 0 0 0 0 0 0 0 0 0 0 0 0.001 0.002 0.005 0.012 0.022 0.032 0.038 0.036 0.027 0.017 0.009 0.005 0.006 0.009 0.013 0.017 0.02 0.021 0.02 0.018 0.017 0.018 0.021 0.026 0.031 0.036 0.04 0.041 0.042 0.042 0.043 0.043 0.04 0.035 0.03 0.025 0.02 0.014 0.009 0.005 0.004 0.004 0.006 0.008 0.009 0.008 0.006 0.003 0.001 0.001 0.001 0
0.002 0.004 0.007 0.009 0.01 0.009 0.006 0.003 0.001 0 0 0 0 0 0 0 0 0.001 0.002 0.004 0.007 0.012 0.017 0.022 0.027 0.03 0.03 0.025 0.018 0.011 0.005 0.002 0.001 0 0 0 0 0 0 0 0 0 0 0 0 0.001 0.002 0.005 0.009 0.013 0.015 0.014 0.011 0.007 0.004 0.004 0.007 0.011 0.015 0.019 0.021 0.02 0.019 0.016 0.014 0.015 0.02 0.026 0.034 0.041 0.046 0.05 0.053 0.055 0.055 0.053 0.047 0.042 0.037 0.032 0.026 0.018 0.011 0.007 0.006 0.007 0.009 0.011 0.012 0.01 0.007 0.004 0.002 0.001 0 0
0.002 0.004 0.006 0.008 0.009 0.008 0.005 0.003 0.001 0 0 0 0 0 0 0 0 0.001 0.002 0.004 0.008 0.013 0.019 0.024 0.03 0.033 0.033 0.029 0.02 0.012 0.005 0.002 0.001 0 0 0 0 0 0 0 0 0 0 0 0 0 0.001 0.002 0.003 0.004 0.005 0.004 0.003 0.002 0.002 0.004 0.007 0.011 0.015 0.017 0.018 0.017 0.015 0.013 0.012 0.013 0.019 0.027 0.035 0.043 0.05 0.056 0.062 0.066 0.064 0.059 0.052 0.047 0.044 0.041 0.034 0.025 0.016 0.011 0.009 0.009 0.01 0.012 0.012 0.011 0.008 0.005 0.002 0.001 0 0
0.001 0.003 0.004 0.006 0.006 0.005 0.004 0.002 0.001 0 0 0 0 0 0 0 0 0.001 0.002 0.004 0.009 0.015 0.021 0.026 0.031 0.035 0.034 0.029 0.02 0.011 0.005 0.002 0.001 0 0 0 0 0 0 0 0 0 0 0 0 0 0 0 0.001 0.001 0.001 0.001 0.001 0.001 0.001 0.003 0.006 0.009 0.012 0.013 0.012 0.011 0.01 0.009 0.009 0.012 0.018 0.027 0.035 0.042 0.05 0.059 0.066 0.07 0.068 0.061 0.053 0.049 0.049 0.049 0.042 0.032 0.022 0.015 0.012 0.011 0.011 0.012 0.013 0.012 0.009 0.006 0.003 0.001 0 0
0.001 0.001 0.002 0.003 0.003 0.003 0.002 0.001 0 0 0 0 0 0 0 0 0 0.001 0.002 0.004 0.009 0.015 0.021 0.026 0.031 0.033 0.032 0.027 0.018 0.01 0.004 0.001 0 0 0 0 0 0 0 0 0 0 0 0 0 0 0 0 0 0 0 0 0 0 0.001 0.002 0.004 0.006 0.007 0.008 0.007 0.006 0.005 0.005 0.007 0.011 0.017 0.025 0.032 0.039 0.046 0.055 0.064 0.069 0.067 0.06 0.053 0.05 0.051 0.051 0.046 0.035 0.025 0.018 0.014 0.012 0.011 0.011 0.012 0.012 0.01 0.006 0.003 0.001 0 0
0 0.001 0.001 0.001 0.001 0.001 0.001 0 0 0 0 0 0 0 0 0 0 0.001 0.002 0.004 0.008 0.013 0.018 0.023 0.027 0.029 0.028 0.024 0.016 0.009 0.004 0.001 0 0 0 0 0 0 0 0 0 0 0 0 0 0 0 0 0 0 0 0 0 0 0 0.001 0.002 0.003 0.004 0.004 0.003 0.003 0.003 0.003 0.005 0.009 0.015 0.021 0.026 0.032 0.039 0.047 0.056 0.062 0.063 0.059 0.053 0.049 0.05 0.05 0.046 0.036 0.025 0.017 0.013 0.011 0.01 0.01 0.011 0.012 0.01 0.007 0.003 0.001 0.001 0.001
0 0 0 0 0 0 0 0 0 0 0 0 0 0 0 0 0 0.001 0.002 0.003 0.006 0.01 0.015 0.019 0.023 0.025 0.025 0.021 0.015 0.008 0.004 0.001 0 0 0 0 0 0 0 0 0 0 0 0 0 0 0 0 0 0 0 0 0 0 0 0 0.001 0.001 0.001 0.001 0.001 0.001 0.001 0.002 0.004 0.007 0.011 0.015 0.019 0.023 0.029 0.036 0.044 0.052 0.056 0.056 0.052 0.048 0.048 0.048 0.044 0.035 0.024 0.016 0.011 0.008 0.007 0.008 0.009 0.01 0.008 0.006 0.003 0.001 0.001 0.002
0 0 0 0 0 0 0 0 0 0 0 0 0 0 0 0 0 0.001 0.002 0.004 0.006 0.009 0.011 0.015 0.019 0.022 0.024 0.021 0.015 0.009 0.004 0.002 0.001 0 0 0 0 0 0 0 0 0 0 0 0 0 0 0 0 0 0 0 0 0 0 0 0 0 0 0 0 0 0 0.001 0.002 0.004 0.007 0.009 0.012 0.014 0.018 0.024 0.032 0.041 0.047 0.05 0.049 0.047 0.047 0.047 0.043 0.034 0.023 0.014 0.008 0.006 0.005 0.006 0.007 0.007 0.006 0.004 0.002 0.001 0.001 0.004
0 0 0 0 0 0 0 0 0 0 0 0 0 0 0 0 0.001 0.002 0.004 0.006 0.008 0.009 0.011 0.013 0.018 0.022 0.024 0.023 0.017 0.011 0.005 0.002 0.001 0.001 0.001 0.001 0.001 0.001 0 0 0 0 0 0 0 0 0 0 0 0 0 0 0 0 0 0 0 0 0 0 0 0 0 0.001 0.001 0.002 0.004 0.005 0.006 0.008 0.01 0.015 0.022 0.03 0.038 0.043 0.046 0.046 0.047 0.047 0.043 0.034 0.023 0.014 0.008 0.005 0.005 0.006 0.006 0.006 0.005 0.003 0.002 0.001 0.002 0.007
0 0 0 0 0 0 0 0 0 0 0 0 0 0 0 0 0.001 0.003 0.006 0.009 0.011 0.012 0.013 0.016 0.021 0.026 0.029 0.026 0.02 0.013 0.007 0.003 0.002 0.002 0.003 0.003 0.003 0.002 0.001 0.001 0 0 0 0 0 0 0 0 0 0 0 0 0 0 0 0 0 0 0 0 0 0 0 0 0.001 0.002 0.003 0.003 0.004 0.004 0.006 0.01 0.016 0.024 0.032 0.039 0.044 0.046 0.047 0.046 0.041 0.032 0.023 0.014 0.008 0.006 0.006 0.007 0.007 0.007 0.005 0.003 0.001 0.001 0.003 0.01
0 0 0 0 0 0 0 0 0 0 0 0 0 0 0 0 0.001 0.004 0.007 0.011 0.014 0.016 0.018 0.022 0.029 0.035 0.037 0.033 0.025 0.016 0.009 0.005 0.003 0.004 0.006 0.006 0.006 0.004 0.003 0.001 0.001 0 0 0 0 0 0 0 0 0 0 0 0 0 0 0 0 0 0 0 0 0 0 0 0.001 0.002 0.003 0.004 0.004 0.004 0.005 0.009 0.015 0.023 0.031 0.038 0.043 0.045 0.044 0.041 0.035 0.028 0.021 0.015 0.01 0.008 0.008 0.009 0.01 0.008 0.006 0.003 0.002 0.001 0.003 0.012
0 0 0 0 0 0 0 0 0 0 0 0 0 0 0 0 0.001 0.004 0.007 0.012 0.016 0.019 0.023 0.03 0.04 0.048 0.048 0.042 0.031 0.02 0.012 0.007 0.005 0.006 0.009 0.01 0.01 0.008 0.005 0.003 0.002 0.001 0 0 0 0 0 0 0 0 0 0 0 0 0 0 0 0 0 0 0 0 0 0.001 0.002 0.004 0.005 0.006 0.006 0.005 0.006 0.01 0.017 0.025 0.032 0.038 0.041 0.041 0.038 0.033 0.027 0.022 0.018 0.015 0.012 0.01 0.011 0.012 0.011 0.01 0.007 0.004 0.002 0.002 0.004 0.012
0 0 0 0 0 0 0 0 0 0 0 0 0 0 0 0 0.001 0.003 0.007 0.011 0.016 0.02 0.027 0.037 0.05 0.059 0.059 0.051 0.038 0.025 0.015 0.008 0.006 0.008 0.011 0.013 0.014 0.013 0.01 0.006 0.004 0.002 0.001 0 0 0 0 0 0 0 0 0 0 0 0 0 0 0 0 0 0 0 0 0.001 0.003 0.005 0.008 0.009 0.009 0.008 0.008 0.012 0.019 0.027 0.034 0.037 0.038 0.035 0.029 0.023 0.019 0.016 0.015 0.014 0.013 0.013 0.013 0.013 0.012 0.009 0.006 0.004 0.003 0.004 0.005 0.011
0 0 0 0 0 0 0 0 0 0 0 0 0 0 0 0 0.001 0.002 0.005 0.009 0.014 0.02 0.027 0.039 0.053 0.063 0.064 0.056 0.042 0.029 0.018 0.01 0.007 0.008 0.012 0.016 0.018 0.018 0.015 0.011 0.007 0.003 0.001 0 0 0 0 0 0 0 0 0 0 0 0 0 0 0 0 0 0 0 0 0.001 0.003 0.006 0.009 0.011 0.01 0.01 0.01 0.014 0.021 0.028 0.033 0.035 0.032 0.027 0.021 0.015 0.012 0.011 0.011 0.013 0.014 0.016 0.015 0.014 0.011 0.008 0.006 0.005 0.006 0.007 0.009 0.012
0 0 0 0 0 0 0 0 0 0 0 0 0 0 0 0 0.001 0.002 0.004 0.007 0.011 0.016 0.024 0.035 0.048 0.059 0.061 0.055 0.044 0.032 0.021 0.013 0.008 0.008 0.012 0.018 0.022 0.024 0.022 0.016 0.01 0.005 0.002 0.001 0 0 0 0 0 0 0 0 0 0 0 0 0 0 0 0 0 0 0 0.001 0.003 0.005 0.008 0.01 0.011 0.011 0.013 0.017 0.023 0.029 0.033 0.033 0.029 0.023 0.017 0.012 0.009 0.008 0.009 0.012 0.015 0.017 0.017 0.014 0.01 0.007 0.006 0.007 0.01 0.013 0.014 0.015
0 0 0 0 0 0 0 0 0 0 0 0 0 0 0 0 0 0.001 0.002 0.005 0.008 0.012 0.019 0.028 0.04 0.049 0.053 0.051 0.043 0.034 0.023 0.014 0.009 0.008 0.012 0.019 0.025 0.028 0.027 0.021 0.014 0.008 0.004 0.002 0.001 0 0 0 0 0 0 0 0 0 0 0 0 0 0 0 0 0 0 0.001 0.002 0.004 0.006 0.008 0.01 0.012 0.016 0.02 0.026 0.032 0.035 0.036 0.032 0.027 0.021 0.016 0.011 0.008 0.008 0.011 0.014 0.017 0.018 0.014 0.01 0.007 0.007 0.009 0.014 0.019 0.02 0.02
0 0 0 0 0 0 0 0 0 0 0 0 0 0 0 0 0 0 0.001 0.003 0.005 0.008 0.014 0.021 0.03 0.037 0.042 0.043 0.04 0.033 0.024 0.015 0.01 0.009 0.013 0.02 0.027 0.03 0.029 0.023 0.016 0.01 0.005 0.002 0.001 0 0 0 0 0 0 0 0 0 0 0 0 0 0 0 0 0 0 0 0.001 0.002 0.004 0.007 0.01 0.014 0.018 0.024 0.03 0.036 0.042 0.046 0.046 0.043 0.037 0.029 0.021 0.014 0.01 0.01 0.013 0.015 0.016 0.013 0.009 0.006 0.007 0.011 0.017 0.023 0.026 0.024
0 0 0 0 0 0 0 0 0 0 0 0 0 0 0 0 0 0 0.001 0.001 0.003 0.005 0.009 0.014 0.021 0.027 0.032 0.036 0.035 0.03 0.023 0.015 0.01 0.009 0.013 0.02 0.026 0.03 0.028 0.024 0.018 0.012 0.007 0.003 0.001 0 0 0 0 0 0 0 0 0 0 0 0 0 0 0 0 0 0 0 0.001 0.001 0.003 0.005 0.009 0.014 0.019 0.025 0.032 0.04 0.051 0.061 0.067 0.068 0.063 0.053 0.039 0.026 0.016 0.011 0.011 0.012 0.012 0.01 0.007 0.005 0.006 0.01 0.017 0.024 0.029 0.028
0 0 0 0 0 0 0 0 0 0 0 0 0 0 0 0 0 0 0 0.001 0.001 0.003 0.006 0.009 0.014 0.02 0.025 0.029 0.03 0.026 0.02 0.014 0.01 0.01 0.014 0.019 0.024 0.027 0.026 0.022 0.017 0.012 0.007 0.004 0.001 0 0 0 0 0 0 0 0 0 0 0 0 0 0 0 0 0 0 0 0 0.001 0.002 0.004 0.007 0.011 0.016 0.022 0.029 0.041 0.057 0.075 0.089 0.096 0.093 0.081 0.063 0.043 0.025 0.014 0.009 0.008 0.008 0.006 0.005 0.004 0.005 0.008 0.015 0.023 0.029 0.03
0 0 0 0 0 0 0 0 0 0 0 0 0 0 0 0 0 0 0 0 0.001 0.002 0.004 0.007 0.011 0.016 0.021 0.024 0.025 0.022 0.017 0.013 0.011 0.012 0.014 0.018 0.021 0.023 0.021 0.018 0.014 0.01 0.006 0.003 0.001 0 0 0 0 0 0 0 0 0 0 0 0 0 0 0 0 0 0 0 0 0 0.001 0.002 0.005 0.008 0.011 0.016 0.023 0.036 0.056 0.08 0.102 0.115 0.117 0.106 0.085 0.06 0.036 0.019 0.009 0.006 0.005 0.004 0.003 0.002 0.003 0.006 0.012 0.02 0.027 0.03
0 0 0 0 0 0 0 0 0 0 0 0 0 0 0 0 0 0.001 0.001 0.001 0.001 0.002 0.004 0.006 0.01 0.015 0.019 0.022 0.021 0.018 0.014 0.012 0.012 0.013 0.015 0.017 0.019 0.019 0.017 0.014 0.011 0.007 0.004 0.002 0.001 0 0 0 0 0 0 0 0 0 0 0 0 0 0 0 0 0 0 0 0 0 0 0.001 0.002 0.004 0.006 0.01 0.016 0.028 0.048 0.074 0.099 0.117 0.124 0.117 0.098 0.07 0.043 0.022 0.01 0.005 0.003 0.003 0.002 0.002 0.003 0.005 0.01 0.017 0.024 0.027
0 0 0 0 0 0 0 0 0 0 0 0 0 0 0 0.001 0.001 0.001 0.002 0.002 0.003 0.004 0.005 0.008 0.011 0.016 0.02 0.022 0.02 0.016 0.013 0.012 0.013 0.015 0.017 0.018 0.018 0.017 0.014 0.011 0.008 0.005 0.003 0.001 0.001 0 0 0 0 0 0 0 0 0 0 0 0 0 0 0 0 0 0 0 0 0 0 0.001 0.001 0.002 0.003 0.005 0.01 0.02 0.037 0.06 0.084 0.103 0.113 0.111 0.096 0.071 0.044 0.023 0.01 0.005 0.003 0.003 0.004 0.004 0.004 0.006 0.01 0.016 0.021 0.023
0 0 0 0 0 0 0 0 0 0 0 0 0 0 0.001 0.002 0.003 0.003 0.004 0.004 0.005 0.006 0.008 0.01 0.013 0.018 0.022 0.024 0.023 0.019 0.015 0.013 0.014 0.017 0.019 0.02 0.02 0.018 0.014 0.011 0.007 0.004 0.002 0.001 0 0 0 0 0 0 0 0 0 0 0 0 0 0 0 0 0 0 0 0 0 0 0 0 0 0.001 0.001 0.003 0.006 0.014 0.027 0.045 0.064 0.081 0.091 0.092 0.081 0.061 0.039 0.02 0.009 0.005 0.005 0.006 0.006 0.006 0.005 0.007 0.01 0.016 0.021 0.022
0 0 0 0 0 0 0 0 0 0 0 0 0 0.001 0.002 0.004 0.005 0.006 0.007 0.007 0.008 0.01 0.012 0.014 0.017 0.022 0.028 0.032 0.032 0.027 0.021 0.018 0.018 0.021 0.023 0.024 0.024 0.021 0.018 0.013 0.009 0.005 0.003 0.001 0 0 0 0 0 0 0 0 0 0 0 0 0 0 0 0 0 0 0 0 0 0 0 0 0 0 0.001 0.002 0.004 0.01 0.02 0.034 0.048 0.059 0.067 0.069 0.062 0.047 0.03 0.017 0.008 0.005 0.006 0.008 0.009 0.008 0.007 0.008 0.011 0.017 0.021 0.022
0 0 0 0 0 0 0 0 0 0 0 0 0 0.001 0.003 0.005 0.008 0.009 0.009 0.009 0.01 0.013 0.016 0.019 0.022 0.029 0.037 0.044 0.046 0.041 0.033 0.028 0.027 0.029 0.032 0.032 0.03 0.027 0.023 0.017 0.012 0.007 0.003 0.001 0 0 0 0 0 0 0 0 0 0 0 0 0 0 0 0 0 0 0 0 0 0 0 0 0 0 0 0.001 0.003 0.008 0.015 0.025 0.034 0.042 0.047 0.048 0.044 0.035 0.023 0.014 0.008 0.006 0.007 0.009 0.01 0.009 0.008 0.008 0.011 0.016 0.021 0.022
0 0 0 0 0 0 0 0 0 0 0 0 0 0.001 0.003 0.006 0.009 0.01 0.01 0.01 0.011 0.015 0.02 0.025 0.031 0.039 0.049 0.059 0.062 0.058 0.049 0.042 0.041 0.043 0.044 0.043 0.039 0.034 0.027 0.02 0.014 0.008 0.004 0.001 0 0 0 0 0 0 0 0 0 0 0 0 0 0 0 0 0 0 0 0 0 0 0 0 0 0 0 0.001 0.002 0.005 0.011 0.017 0.023 0.028 0.031 0.032 0.031 0.027 0.02 0.013 0.008 0.006 0.006 0.008 0.009 0.008 0.007 0.007 0.009 0.014 0.02 0.022
0 0 0 0 0 0 0 0 0 0 0 0 0 0.001 0.003 0.005 0.008 0.009 0.009 0.01 0.012 0.018 0.027 0.035 0.043 0.052 0.062 0.072 0.078 0.075 0.066 0.059 0.058 0.06 0.06 0.057 0.05 0.041 0.031 0.022 0.014 0.007 0.003 0.001 0 0 0 0 0 0 0 0 0 0 0 0 0 0 0 0 0 0 0 0 0 0 0 0 0 0 0 0 0.001 0.003 0.007 0.011 0.014 0.018 0.02 0.023 0.024 0.023 0.02 0.015 0.01 0.006 0.005 0.006 0.006 0.006 0.005 0.005 0.008 0.013 0.021 0.026
0 0 0 0 0 0 0 0 0 0 0 0 0 0.001 0.002 0.004 0.005 0.007 0.007 0.009 0.014 0.024 0.036 0.049 0.059 0.066 0.073 0.082 0.088 0.088 0.082 0.075 0.074 0.077 0.078 0.073 0.063 0.049 0.034 0.021 0.012 0.006 0.003 0.001 0 0 0 0 0 0 0 0 0 0 0 0 0 0 0 0 0 0 0 0 0 0 0 0 0 0 0 0 0.001 0.002 0.004 0.007 0.01 0.012 0.015 0.018 0.022 0.023 0.022 0.017 0.011 0.007 0.004 0.004 0.004 0.003 0.003 0.004 0.008 0.016 0.026 0.034
0 0 0 0 0 0 0 0 0 0 0 0 0 0 0.001 0.002 0.003 0.004 0.005 0.009 0.017 0.03 0.047 0.063 0.072 0.077 0.08 0.086 0.093 0.096 0.093 0.089 0.088 0.091 0.093 0.088 0.075 0.057 0.037 0.021 0.011 0.005 0.002 0.001 0 0 0 0 0 0 0 0 0 0 0 0 0 0 0 0 0 0 0 0 0 0 0 0 0 0 0 0 0.001 0.001 0.003 0.006 0.01 0.013 0.015 0.018 0.022 0.023 0.022 0.018 0.012 0.007 0.004 0.003 0.002 0.002 0.003 0.006 0.011 0.021 0.034 0.047
0 0 0 0 0 0 0 0 0 0 0 0 0 0 0.001 0.001 0.001 0.002 0.004 0.009 0.019 0.035 0.055 0.072 0.08 0.08 0.079 0.082 0.091 0.098 0.099 0.096 0.095 0.098 0.1 0.095 0.082 0.061 0.039 0.021 0.01 0.004 0.001 0 0 0 0 0 0 0 0 0 0 0 0 0 0 0 0 0 0 0 0 0 0 0 0 0 0 0 0 0 0.001 0.002 0.004 0.008 0.012 0.016 0.019 0.021 0.023 0.024 0.022 0.018 0.013 0.009 0.005 0.003 0.003 0.003 0.004 0.009 0.016 0.029 0.045 0.06
0 0 0 0 0 0 0 0 0 0 0 0 0 0 0.001 0.001 0.001 0.001 0.003 0.009 0.02 0.037 0.057 0.073 0.08 0.076 0.071 0.072 0.081 0.091 0.096 0.095 0.094 0.095 0.095 0.091 0.078 0.06 0.039 0.022 0.01 0.004 0.001 0 0 0 0 0 0 0 0 0 0 0 0 0 0 0 0 0 0 0 0 0 0 0 0 0 0 0 0 0 0.001 0.002 0.004 0.009 0.015 0.021 0.025 0.026 0.026 0.024 0.022 0.019 0.015 0.011 0.008 0.006 0.005 0.005 0.007 0.013 0.023 0.037 0.054 0.071
0 0 0 0 0 0 0 0 0 0 0 0 0.001 0.001 0.001 0.001 0.001 0.001 0.004 0.009 0.02 0.036 0.055 0.068 0.072 0.067 0.06 0.059 0.067 0.078 0.086 0.087 0.084 0.082 0.08 0.075 0.066 0.053 0.036 0.022 0.011 0.005 0.002 0.001 0 0 0 0 0 0 0 0 0 0 0 0 0 0 0 0 0 0 0 0 0 0 0 0 0 0 0 0 0.001 0.002 0.005 0.01 0.017 0.024 0.03 0.031 0.029 0.026 0.022 0.019 0.017 0.015 0.013 0.011 0.01 0.009 0.012 0.018 0.029 0.045 0.065 0.084
0 0 0 0 0 0 0 0 0 0 0 0.001 0.002 0.003 0.003 0.003 0.002 0.002 0.004 0.01 0.021 0.036 0.052 0.062 0.064 0.058 0.051 0.048 0.054 0.065 0.073 0.076 0.072 0.066 0.061 0.056 0.051 0.043 0.033 0.022 0.013 0.007 0.003 0.001 0 0 0 0 0 0 0 0 0 0 0 0 0 0 0 0 0 0 0 0 0 0 0 0 0 0 0 0 0 0.001 0.004 0.009 0.016 0.024 0.03 0.032 0.03 0.026 0.022 0.019 0.018 0.019 0.019 0.018 0.016 0.015 0.017 0.023 0.035 0.054 0.08 0.106
0 0 0 0 0 0 0 0 0 0 0.001 0.002 0.004 0.005 0.006 0.005 0.004 0.003 0.005 0.011 0.022 0.037 0.05 0.057 0.057 0.051 0.044 0.042 0.045 0.054 0.063 0.067 0.063 0.054 0.046 0.041 0.039 0.036 0.03 0.023 0.015 0.008 0.004 0.001 0 0 0 0 0 0 0 0 0 0 0 0 0 0 0 0 0 0 0 0 0 0 0 0 0 0 0 0 0 0.001 0.003 0.006 0.012 0.02 0.026 0.029 0.028 0.024 0.02 0.018 0.019 0.021 0.024 0.024 0.023 0.022 0.023 0.029 0.042 0.066 0.102 0.139
0 0 0 0 0 0 0 0 0 0 0.001 0.003 0.005 0.008 0.009 0.008 0.006 0.004 0.006 0.011 0.022 0.035 0.046 0.051 0.05 0.046 0.041 0.038 0.04 0.047 0.056 0.06 0.057 0.049 0.04 0.035 0.032 0.031 0.027 0.022 0.015 0.008 0.004 0.002 0.001 0 0 0 0 0 0 0 0 0 0 0 0 0 0 0 0 0 0 0 0 0 0 0 0 0 0 0 0 0.001 0.002 0.004 0.008 0.013 0.018 0.022 0.022 0.02 0.018 0.017 0.019 0.022 0.026 0.028 0.028 0.028 0.029 0.035 0.049 0.079 0.125 0.174
0 0 0 0 0 0 0 0 0 0 0.001 0.003 0.006 0.009 0.01 0.009 0.006 0.004 0.005 0.01 0.018 0.029 0.037 0.041 0.041 0.039 0.036 0.035 0.036 0.041 0.049 0.055 0.056 0.051 0.044 0.037 0.033 0.029 0.024 0.019 0.013 0.008 0.004 0.002 0.001 0 0 0 0 0 0 0 0 0 0 0 0 0 0 0 0 0 0 0 0 0 0 0 0 0 0 0 0 0 0.001 0.002 0.004 0.007 0.011 0.014 0.016 0.017 0.017 0.018 0.02 0.022 0.026 0.029 0.031 0.033 0.037 0.043 0.058 0.089 0.138 0.19
0 0 0 0 0 0 0 0 0 0 0.001 0.003 0.005 0.008 0.009 0.008 0.006 0.004 0.004 0.007 0.012 0.019 0.025 0.029 0.03 0.031 0.031 0.031 0.032 0.036 0.043 0.053 0.059 0.062 0.058 0.051 0.041 0.031 0.023 0.016 0.01 0.006 0.004 0.002 0.002 0.001 0 0 0 0 0 0 0 0 0 0 0 0 0 0 0 0 0 0 0 0 0 0 0 0 0 0 0 0 0 0.001 0.002 0.004 0.006 0.009 0.012 0.015 0.018 0.02 0.02 0.021 0.023 0.027 0.032 0.039 0.048 0.059 0.073 0.097 0.135 0.176
0 0 0 0 0 0 0 0 0 0 0.001 0.002 0.004 0.005 0.006 0.005 0.004 0.002 0.002 0.004 0.007 0.011 0.015 0.019 0.022 0.025 0.027 0.029 0.03 0.034 0.042 0.055 0.07 0.081 0.083 0.075 0.059 0.041 0.025 0.015 0.009 0.006 0.005 0.004 0.003 0.002 0.001 0 0 0 0 0 0 0 0 0 0 0 0 0 0 0 0 0 0 0 0 0 0 0 0 0 0 0 0 0 0.001 0.002 0.003 0.006 0.009 0.014 0.017 0.019 0.019 0.019 0.019 0.023 0.032 0.047 0.066 0.083 0.096 0.107 0.123 0.144
0 0 0 0 0 0 0 0 0 0 0 0.001 0.002 0.003 0.003 0.003 0.002 0.001 0.001 0.002 0.004 0.006 0.01 0.014 0.019 0.024 0.03 0.033 0.036 0.039 0.048 0.066 0.089 0.109 0.117 0.107 0.083 0.055 0.032 0.018 0.011 0.009 0.008 0.007 0.006 0.004 0.002 0.001 0 0 0 0 0 0 0 0 0 0 0 0 0 0 0 0 0 0 0 0 0 0 0 0 0 0 0 0 0 0.001 0.002 0.004 0.007 0.011 0.015 0.016 0.016 0.015 0.015 0.02 0.033 0.056 0.085 0.11 0.122 0.121 0.115 0.113
0 0 0 0 0 0 0 0 0 0 0 0 0.001 0.001 0.001 0.001 0.001 0.001 0 0.001 0.002 0.005 0.009 0.014 0.021 0.029 0.038 0.045 0.049 0.053 0.062 0.082 0.111 0.139 0.151 0.14 0.108 0.071 0.04 0.022 0.015 0.012 0.012 0.011 0.009 0.006 0.003 0.001 0 0 0 0 0 0 0 0 0 0 0 0 0 0 0 0 0 0 0 0 0 0 0 0 0 0 0 0 0 0.001 0.001 0.003 0.005 0.008 0.01 0.011 0.011 0.01 0.011 0.017 0.033 0.06 0.096 0.126 0.138 0.129 0.111 0.094
0 0 0 0 0 0 0 0 0 0 0 0 0 0 0 0 0 0 0 0.001 0.002 0.004 0.009 0.016 0.026 0.038 0.051 0.063 0.069 0.073 0.08 0.099 0.129 0.16 0.175 0.162 0.126 0.082 0.047 0.026 0.018 0.015 0.014 0.013 0.01 0.006 0.003 0.001 0 0 0 0 0 0 0 0 0 0 0 0 0 0 0 0 0 0 0 0 0 0 0 0 0 0 0 0 0.001 0.001 0.002 0.002 0.003 0.004 0.006 0.006 0.006 0.006 0.007 0.014 0.029 0.056 0.09 0.119 0.131 0.122 0.103 0.084
0 0 0 0 0 0 0 0 0 0 0 0 0 0 0 0 0 0 0 0.001 0.002 0.004 0.01 0.019 0.031 0.048 0.066 0.082 0.093 0.097 0.101 0.114 0.138 0.165 0.179 0.166 0.13 0.085 0.049 0.028 0.019 0.016 0.014 0.012 0.009 0.006 0.003 0.001 0 0 0 0 0 0 0 0 0 0 0 0 0 0 0 0 0 0 0 0 0 0 0 0 0 0 0 0.001 0.002 0.003 0.003 0.003 0.003 0.003 0.004 0.004 0.004 0.004 0.005 0.01 0.022 0.043 0.069 0.092 0.103 0.099 0.087 0.075
0 0 0 0 0 0 0 0 0 0 0 0 0 0 0 0 0 0 0 0.001 0.002 0.005 0.011 0.021 0.036 0.056 0.078 0.099 0.114 0.121 0.123 0.128 0.14 0.156 0.163 0.151 0.119 0.08 0.047 0.027 0.017 0.013 0.011 0.009 0.007 0.004 0.002 0.001 0 0 0 0 0 0 0 0 0 0 0 0 0 0 0 0 0 0 0 0 0 0 0 0 0 0 0.001 0.002 0.004 0.005 0.006 0.006 0.005 0.005 0.006 0.008 0.008 0.008 0.007 0.009 0.015 0.027 0.043 0.058 0.067 0.068 0.065 0.062
0 0 0 0 0 0 0 0 0 0 0 0 0 0 0 0 0 0 0 0.001 0.002 0.005 0.012 0.023 0.038 0.058 0.081 0.105 0.126 0.14 0.143 0.142 0.141 0.142 0.14 0.127 0.102 0.071 0.044 0.025 0.015 0.01 0.007 0.005 0.004 0.002 0.001 0 0 0 0 0 0 0 0 0 0 0 0 0 0 0 0 0 0 0 0 0 0 0 0 0 0 0 0.001 0.003 0.005 0.008 0.009 0.009 0.01 0.013 0.018 0.023 0.026 0.024 0.019 0.014 0.013 0.016 0.023 0.031 0.037 0.041 0.045 0.049
0 0 0 0 0 0 0 0 0 0 0 0 0 0 0 0 0 0 0 0.001 0.003 0.007 0.014 0.025 0.038 0.055 0.076 0.101 0.128 0.151 0.162 0.162 0.152 0.139 0.124 0.108 0.087 0.064 0.041 0.023 0.012 0.007 0.004 0.003 0.002 0.001 0 0 0 0 0 0 0 0 0 0 0 0 0 0 0 0 0.001 0.001 0.001 0.001 0.001 0 0 0 0 0 0 0 0.001 0.003 0.006 0.009 0.011 0.013 0.018 0.029 0.045 0.062 0.071 0.067 0.053 0.035 0.022 0.015 0.014 0.017 0.021 0.026 0.032 0.04
0 0 0 0 0 0 0 0 0 0 0 0 0 0 0 0 0 0 0 0.001 0.004 0.009 0.016 0.026 0.037 0.049 0.066 0.09 0.122 0.156 0.18 0.187 0.175 0.152 0.126 0.102 0.081 0.061 0.04 0.023 0.012 0.005 0.002 0.001 0.001 0 0 0 0 0 0 0 0 0 0 0 0 0 0 0 0 0.001 0.002 0.003 0.003 0.003 0.002 0.001 0 0 0 0 0 0 0.001 0.003 0.005 0.008 0.011 0.017 0.03 0.057 0.097 0.137 0.16 0.154 0.124 0.084 0.05 0.029 0.019 0.017 0.018 0.022 0.028 0.036
0 0 0 0 0 0 0 0 0 0 0 0 0 0 0 0 0 0 0.001 0.002 0.005 0.011 0.019 0.027 0.034 0.042 0.054 0.078 0.113 0.156 0.192 0.211 0.204 0.178 0.144 0.112 0.086 0.064 0.043 0.025 0.012 0.005 0.002 0.001 0 0 0 0 0 0 0 0 0 0 0 0 0 0 0 0 0.001 0.002 0.004 0.005 0.006 0.005 0.004 0.002 0.001 0 0 0 0 0 0.001 0.002 0.004 0.006 0.011 0.021 0.047 0.097 0.171 0.247 0.294 0.29 0.24 0.169 0.105 0.063 0.043 0.035 0.033 0.032 0.033 0.036
0 0 0 0 0 0 0 0 0 0 0 0 0 0 0 0 0 0 0.001 0.002 0.006 0.012 0.019 0.026 0.031 0.035 0.044 0.065 0.101 0.148 0.194 0.226 0.231 0.211 0.175 0.137 0.103 0.074 0.049 0.028 0.013 0.005 0.002 0 0 0 0 0 0 0 0 0 0 0 0 0 0 0 0 0 0.001 0.003 0.005 0.008 0.009 0.008 0.005 0.003 0.001 0 0 0 0 0 0 0.001 0.002 0.004 0.01 0.025 0.064 0.139 0.25 0.368 0.447 0.451 0.383 0.28 0.184 0.121 0.09 0.077 0.068 0.058 0.047 0.04
0 0 0 0 0 0 0 0 0 0 0 0 0 0 0 0 0 0 0.001 0.003 0.006 0.012 0.02 0.025 0.027 0.029 0.035 0.052 0.084 0.13 0.183 0.228 0.253 0.248 0.217 0.174 0.131 0.091 0.058 0.033 0.016 0.006 0.002 0.001 0 0 0 0 0 0 0 0 0 0 0 0 0 0 0 0 0.001 0.003 0.006 0.009 0.01 0.009 0.006 0.003 0.001 0 0 0 0 0 0 0 0.001 0.003 0.009 0.027 0.073 0.165 0.302 0.453 0.56 0.579 0.507 0.387 0.273 0.198 0.161 0.145 0.128 0.102 0.073 0.049
0 0 0 0 0 0 0 0 0 0 0 0 0 0 0 0 0 0 0.001 0.003 0.007 0.013 0.02 0.024 0.025 0.024 0.027 0.038 0.064 0.106 0.162 0.221 0.267 0.283 0.264 0.22 0.166 0.114 0.072 0.04 0.019 0.008 0.003 0.001 0.001 0 0 0 0 0 0 0 0 0 0 0 0 0 0 0 0.001 0.003 0.005 0.008 0.009 0.008 0.005 0.003 0.001 0 0 0 0 0 0 0 0.001 0.002 0.008 0.026 0.072 0.164 0.305 0.463 0.583 0.617 0.559 0.45 0.345 0.276 0.246 0.229 0.202 0.157 0.105 0.062
0 0 0 0 0 0 0 0 0 0 0 0 0 0 0 0 0 0.001 0.002 0.004 0.008 0.013 0.02 0.024 0.024 0.021 0.02 0.026 0.045 0.081 0.136 0.204 0.268 0.305 0.301 0.26 0.201 0.141 0.089 0.051 0.026 0.012 0.006 0.003 0.001 0 0 0 0 0 0 0 0 0 0 0 0 0 0 0 0.001 0.002 0.004 0.005 0.006 0.005 0.004 0.002 0.001 0 0 0 0 0 0 0 0 0.001 0.006 0.021 0.06 0.138 0.257 0.395 0.507 0.551 0.523 0.451 0.379 0.336 0.319 0.305 0.27 0.207 0.135 0.074
