Heavy_metals_comparison/usgrids5km/gcarb.asc
ncols 940
nrows 592
xllcorner -2405000
yllcorner 260000
cellsize 5000.00
nodata_value -32767
[rows 343 to 391 of 592, columns 96 to 191 of 940]
44 49 51 51 50 49 50 50 50 49 49 48 45 39 31 30 36 39 41 42 42 42 43 45 45 44 38 29 20 19 25 37 43 45 46 48 50 50 50 50 50 50 50 50 50 50 47 44 47 40 34 44 48 47 49 50 50 50 50 50 46 45 51 61 64 61 60 59 61 77 101 119 117 100 80 63 56 65 67 59 54 51 53 64 90 116 111 92 73 77 78 67 61 57 55 62
43 46 49 50 49 49 50 51 50 47 48 50 50 46 41 39 41 42 41 41 41 41 41 44 46 47 43 37 32 30 34 42 46 47 48 49 50 49 49 50 49 50 50 50 50 50 47 47 47 35 31 44 47 47 49 50 50 50 50 49 47 49 59 75 76 66 61 57 56 69 92 113 113 102 88 69 63 75 78 68 55 52 54 60 86 111 108 92 78 89 94 88 84 74 66 73
37 40 44 46 49 48 47 47 46 40 45 50 48 46 44 45 45 44 41 41 44 44 43 45 47 49 47 45 43 38 39 44 48 49 49 50 49 46 45 46 48 49 50 50 50 50 49 50 47 29 28 43 47 47 50 50 50 50 50 49 47 51 64 83 81 69 59 53 53 64 83 102 107 106 99 79 72 81 89 78 56 52 55 59 82 100 96 82 75 89 104 109 105 91 79 82
34 37 41 45 49 44 36 32 30 30 43 48 43 40 41 47 48 46 43 44 48 47 46 46 47 49 49 50 47 42 42 45 49 50 50 50 47 43 41 43 48 49 50 50 50 50 50 52 44 24 27 40 47 50 50 50 50 50 50 49 46 46 56 71 69 62 55 50 52 63 77 90 97 100 96 81 74 80 95 84 59 55 60 67 83 88 80 71 70 84 110 123 120 105 91 86
34 36 42 47 50 41 28 19 17 24 42 43 34 32 37 46 48 47 46 47 50 49 47 46 46 48 50 50 44 38 40 44 48 48 49 50 45 40 39 43 48 50 50 50 50 50 50 51 43 27 29 40 49 51 50 50 50 50 50 48 45 42 46 53 52 52 51 49 54 65 74 83 90 91 86 75 69 73 87 81 67 65 67 73 79 75 66 66 66 78 109 127 126 113 97 86
37 39 43 47 47 40 25 13 14 23 36 32 24 25 33 42 43 45 47 50 51 50 47 44 44 47 50 50 43 37 39 43 47 44 46 48 41 38 40 45 49 50 50 50 50 50 50 50 44 35 34 41 50 51 50 50 50 50 50 49 45 41 40 43 43 45 48 48 55 65 71 79 85 85 76 64 59 64 76 82 82 80 72 66 63 67 70 73 69 77 107 124 125 115 99 86
43 42 41 40 41 41 29 17 18 23 27 19 14 18 31 38 37 41 46 50 51 50 47 45 43 46 49 49 45 42 42 46 46 41 43 44 36 38 44 48 49 48 48 49 49 50 50 50 47 42 40 44 49 50 50 50 50 50 50 50 46 40 37 38 40 42 45 48 51 57 63 72 78 77 66 55 53 57 71 92 102 98 79 59 50 68 83 89 82 89 113 124 125 117 98 86
49 48 46 41 43 48 38 27 25 29 27 16 11 16 29 33 31 34 39 45 49 50 48 46 44 42 44 44 42 40 40 45 44 39 39 37 33 40 47 50 48 45 46 48 49 49 50 50 49 47 45 46 49 50 50 50 50 50 50 50 46 40 37 39 42 41 44 48 47 48 53 61 67 69 66 63 62 65 79 106 120 113 87 60 48 64 85 99 97 102 117 124 126 118 98 87
54 57 59 53 57 58 46 33 29 36 35 23 15 15 22 25 24 24 28 36 46 50 49 48 44 40 40 39 35 29 28 33 36 36 36 34 34 43 49 50 46 44 45 48 49 49 49 50 50 49 47 48 49 50 50 50 50 50 50 50 47 42 39 41 42 39 44 48 46 42 42 49 57 63 69 76 80 85 97 117 125 119 97 66 50 57 80 101 110 112 116 118 124 120 100 89
61 71 72 67 71 68 51 35 27 32 36 32 24 17 15 15 14 13 16 26 39 48 50 49 46 41 40 36 29 18 15 20 28 34 37 36 38 45 50 49 44 42 44 48 49 47 49 50 50 49 49 49 50 50 50 50 50 50 50 50 48 45 41 38 36 35 44 49 47 38 34 40 49 57 65 78 90 97 109 121 124 123 108 74 53 53 67 88 105 106 105 107 120 121 104 91
64 79 81 79 81 76 63 44 31 30 39 42 36 28 18 9 6 5 6 15 30 43 50 50 48 45 43 35 25 12 7 11 20 29 34 34 39 47 51 46 37 35 40 48 48 47 49 50 50 50 49 50 50 50 50 50 50 50 50 50 48 46 42 36 32 34 45 50 47 39 35 37 44 50 56 73 87 97 112 123 126 127 112 76 55 50 54 69 83 84 84 90 109 116 106 93
52 67 77 82 86 84 76 62 45 39 50 52 45 37 22 5 2 2 3 9 21 36 46 50 49 49 46 35 21 -32767 3 5 14 22 25 25 35 47 50 40 27 27 36 49 49 48 49 49 49 50 50 50 49 49 50 50 50 50 50 50 49 47 43 36 31 33 43 47 46 41 38 38 41 41 42 54 65 79 106 122 126 130 111 74 54 53 61 61 64 67 69 77 95 107 104 92
36 50 64 79 88 85 80 72 56 50 60 56 48 42 29 13 5 3 2 5 13 25 36 44 49 50 45 32 19 7 2 3 9 14 15 16 33 46 46 30 20 29 40 50 50 49 48 46 47 50 50 48 46 49 50 50 50 50 50 50 49 48 45 39 33 33 40 44 44 42 40 39 39 36 33 37 41 58 95 118 128 130 111 78 55 58 71 56 53 62 67 72 79 92 95 85
24 31 43 72 87 82 79 75 63 56 57 50 46 45 38 25 12 6 4 5 8 15 25 38 46 46 38 25 13 6 5 4 5 6 6 12 34 44 39 21 20 37 46 50 50 50 47 42 45 50 50 46 43 49 51 50 50 50 50 50 50 50 48 44 37 35 37 41 43 42 40 39 39 37 34 34 38 54 83 104 120 126 112 84 57 59 66 50 50 62 67 68 68 80 83 76
20 17 25 65 82 77 81 76 63 54 47 41 42 44 42 34 22 14 10 8 6 9 16 26 34 36 31 21 10 8 10 7 4 2 2 12 32 38 30 16 25 44 49 50 50 50 45 38 45 50 49 45 43 47 50 50 50 50 50 50 50 50 49 47 42 38 37 40 42 41 38 37 38 39 37 36 42 52 66 80 102 120 117 94 64 63 61 46 52 62 65 71 78 85 81 70
25 21 27 52 63 65 76 70 55 46 43 43 44 46 45 42 36 27 22 19 15 14 16 18 22 27 28 23 15 13 14 11 5 2 2 11 25 25 21 17 33 49 50 50 50 50 46 42 47 50 49 46 44 44 48 50 50 50 50 50 50 50 50 49 46 43 41 40 40 39 36 35 37 41 41 40 43 46 49 55 84 113 119 103 78 72 58 40 46 54 61 77 91 97 85 69
28 28 27 31 35 42 54 52 45 43 44 48 48 49 48 47 44 38 34 32 30 29 26 23 21 21 24 24 20 18 17 15 8 2 2 13 21 16 16 22 40 50 50 50 50 50 48 47 49 50 50 48 46 44 47 49 50 50 50 50 50 50 49 48 47 46 43 40 38 37 34 33 35 39 42 41 40 40 35 34 70 100 104 101 93 86 64 42 41 46 57 79 102 112 97 75
26 29 31 31 31 32 37 37 41 46 49 50 48 50 50 50 48 46 44 42 41 40 37 31 25 20 20 21 20 18 17 15 8 3 4 21 26 16 15 25 44 51 50 50 50 50 50 49 50 50 50 49 48 46 47 46 47 50 50 50 50 49 47 46 44 43 42 40 38 36 33 31 32 36 40 38 35 38 32 30 63 84 86 100 108 106 83 61 52 47 53 75 107 124 110 85
25 28 36 43 45 42 40 40 41 44 45 44 43 48 51 51 50 50 49 49 48 47 45 41 36 31 28 26 24 18 14 10 5 1 6 26 27 15 12 25 47 51 50 50 50 50 49 50 50 50 50 50 49 48 47 45 46 50 51 50 50 49 46 43 40 39 41 40 38 35 32 30 31 35 40 36 34 40 37 38 60 74 83 104 118 118 101 83 69 55 51 64 102 126 118 95
24 24 29 35 43 51 53 50 42 34 27 26 31 40 48 50 50 50 50 50 50 50 49 48 47 45 43 41 36 28 18 13 10 3 9 26 22 10 7 21 41 49 51 50 50 49 47 49 50 50 51 51 50 49 47 45 47 51 50 49 50 49 45 40 37 37 40 41 38 34 29 28 31 36 40 37 38 44 43 44 55 65 80 104 120 124 116 105 91 72 59 62 96 118 118 103
28 26 26 24 36 61 71 68 54 33 15 12 17 28 43 50 49 49 50 50 50 50 50 49 47 45 45 46 43 35 24 23 23 12 13 24 20 10 4 15 32 46 51 52 52 49 46 49 50 50 51 52 52 51 49 47 49 51 49 49 49 49 47 42 37 37 40 42 39 32 26 25 31 37 41 40 43 47 48 46 48 56 72 94 115 125 125 120 110 92 74 69 87 97 100 102
39 37 33 27 38 65 80 81 70 40 16 12 11 18 35 47 48 49 49 49 50 50 50 47 43 38 38 41 40 32 22 29 31 18 14 20 24 15 5 8 22 39 45 49 50 49 48 50 51 49 46 44 45 47 49 50 51 51 49 49 49 50 49 45 40 38 41 45 43 36 30 29 35 39 42 43 46 48 47 43 42 51 63 84 111 124 126 125 120 108 94 82 80 76 82 99
46 45 41 36 40 57 74 79 71 46 26 19 11 12 25 41 50 50 49 49 50 50 50 45 38 33 36 40 40 31 22 31 32 21 12 17 30 23 12 8 15 25 28 33 40 48 51 50 50 44 34 26 26 32 39 45 48 50 50 50 50 50 49 47 44 41 42 46 47 44 41 39 40 42 45 46 48 48 45 40 40 50 59 81 116 127 126 127 125 121 112 95 77 62 68 89
47 47 48 50 52 59 70 75 69 53 42 34 20 14 20 37 49 50 50 50 50 50 49 45 38 33 38 44 46 41 34 33 33 24 9 18 38 37 31 25 21 18 15 19 31 47 52 49 46 33 19 14 14 20 27 35 41 47 50 50 50 50 50 49 47 44 43 46 48 48 47 45 44 45 47 48 48 48 46 43 43 51 68 90 120 125 125 126 127 123 114 92 69 55 60 81
36 41 46 55 61 64 69 75 71 60 51 43 31 21 21 32 43 48 50 50 50 50 50 48 45 43 45 48 51 50 42 32 34 26 12 25 42 45 46 42 31 18 9 10 22 40 49 46 37 21 9 12 16 18 17 20 28 40 48 50 50 50 50 49 47 45 45 47 49 50 50 48 47 48 48 48 48 48 48 47 45 58 91 102 108 116 122 126 127 119 105 80 62 56 63 83
27 32 27 35 51 53 56 65 67 60 48 43 40 32 26 28 37 45 48 49 50 50 50 50 50 50 50 50 51 51 42 31 29 22 15 32 44 45 48 47 40 29 19 15 21 34 46 39 22 11 7 13 16 15 8 8 16 30 43 50 50 48 46 45 46 46 48 49 50 51 50 49 49 49 49 48 48 49 49 48 42 64 109 106 95 105 119 127 126 110 87 66 56 58 66 86
41 34 13 20 39 37 35 40 45 47 44 44 47 43 33 26 30 38 44 49 50 50 50 49 50 49 47 48 50 50 42 30 21 15 19 38 46 47 49 50 49 46 41 37 37 42 45 29 11 7 9 13 11 10 10 18 26 34 44 50 48 43 39 40 44 48 49 50 50 50 50 50 50 50 49 45 45 48 49 46 39 68 113 105 90 91 115 129 125 104 76 55 51 57 68 90
60 42 13 16 32 38 34 29 28 36 43 45 45 42 36 29 27 32 41 48 50 50 50 50 50 46 44 45 48 49 43 35 25 16 23 42 49 50 50 51 51 50 47 46 49 49 44 21 6 5 10 11 7 11 22 39 45 45 49 49 43 37 35 38 44 49 50 49 49 49 50 51 50 50 49 42 41 47 49 47 44 66 94 94 84 83 113 129 124 109 80 53 50 57 72 96
72 58 34 27 37 53 51 40 29 34 44 46 44 41 41 36 31 32 36 42 48 50 50 50 50 47 45 46 48 49 46 43 35 21 27 44 50 52 51 51 50 46 38 38 50 52 41 16 7 10 13 12 7 17 32 47 47 43 43 42 38 35 37 43 48 50 51 49 47 46 48 49 48 49 49 44 44 48 50 49 48 54 69 80 80 87 111 124 123 114 86 56 51 60 78 105
76 78 66 51 49 57 63 53 38 38 45 49 47 45 45 40 33 29 28 31 42 49 50 51 50 48 47 48 49 50 49 48 42 32 33 41 48 49 49 51 51 47 34 33 46 49 36 14 15 24 25 19 15 27 40 48 41 31 26 33 39 41 43 47 48 50 50 48 43 38 38 37 38 44 48 49 49 50 50 49 48 50 60 74 78 88 105 113 116 112 90 66 59 73 95 116
60 78 81 69 56 58 70 67 54 46 46 49 49 48 46 41 31 21 -32767 18 32 43 48 50 50 49 49 49 50 50 50 50 51 46 38 34 33 32 36 46 50 46 32 29 35 37 28 15 26 36 36 30 29 38 46 49 40 28 22 33 44 49 48 47 44 45 47 48 43 36 31 27 27 39 47 50 50 50 50 49 47 48 59 71 72 83 94 92 96 100 91 77 71 93 115 123
51 75 85 78 61 58 68 74 65 49 46 47 46 46 47 45 34 18 -32767 -32767 19 32 41 47 49 50 50 50 50 50 50 51 52 50 41 32 23 15 22 38 44 40 27 20 20 24 24 24 35 44 45 42 41 46 49 49 44 35 32 41 49 51 47 43 40 42 45 47 47 44 40 34 32 41 48 50 50 50 50 50 47 46 56 66 70 80 84 71 74 84 91 89 89 110 124 125
60 82 87 79 60 54 60 72 64 46 42 40 38 41 46 49 42 27 -32767 -32767 -32767 20 31 41 47 50 50 50 50 50 50 50 50 50 48 43 36 27 23 31 38 32 19 9 8 15 27 36 44 49 51 50 49 50 50 50 47 40 37 42 48 48 43 39 40 44 44 42 42 45 48 44 42 46 49 50 50 50 50 49 47 45 52 62 72 84 84 71 72 80 92 96 102 116 125 124
65 82 83 72 57 52 55 64 55 41 36 31 28 30 38 46 44 32 15 -32767 4 8 15 25 40 47 49 49 50 50 50 50 50 50 51 52 50 44 28 27 35 24 10 3 4 14 36 47 49 50 51 51 51 50 50 51 49 41 34 34 43 47 45 43 44 47 43 35 32 38 46 47 48 49 50 50 50 50 49 46 46 47 50 61 77 95 91 77 76 81 90 94 98 105 116 123
60 73 74 62 52 51 50 51 43 37 35 28 22 21 29 38 38 30 19 12 -32767 -32767 5 16 33 42 45 46 48 50 50 50 50 50 50 51 51 48 37 34 36 17 5 5 9 22 44 51 51 50 50 50 50 50 50 50 49 44 35 31 39 47 50 49 47 47 43 39 35 38 45 49 50 50 50 50 50 50 49 47 48 49 50 60 83 110 98 77 70 72 79 86 89 90 106 119
52 61 63 51 48 54 56 48 35 35 36 28 21 16 18 22 23 21 16 9 -32767 -32767 -32767 -32767 28 33 37 39 44 49 50 50 49 50 50 50 50 51 49 46 36 13 4 9 19 34 50 52 50 50 50 50 50 50 50 50 50 48 39 33 34 43 49 50 48 46 46 46 45 43 45 49 50 50 50 50 50 50 50 49 50 50 50 56 74 97 87 70 61 60 66 76 84 87 91 97
42 51 55 46 52 63 64 49 28 34 39 34 24 15 10 7 6 7 7 5 -32767 -32767 -32767 -32767 21 23 25 29 38 46 49 50 49 50 50 50 50 51 52 50 36 14 9 18 33 44 51 51 49 47 47 49 50 50 50 50 50 49 44 39 36 41 47 47 47 47 48 49 49 47 47 49 50 50 50 50 50 50 51 49 47 49 50 50 53 61 63 58 53 52 56 65 75 79 72 69
35 46 50 47 63 73 67 47 31 39 44 41 31 21 14 7 2 2 3 4 -32767 -32767 -32767 -32767 19 18 16 19 30 41 48 50 50 50 50 50 50 50 50 51 39 22 22 31 44 49 50 49 46 43 42 46 50 50 50 50 50 50 50 47 44 42 42 43 44 45 47 48 49 49 49 50 50 50 50 50 50 50 51 46 41 47 50 50 49 48 50 50 50 50 51 53 58 63 64 63
34 47 50 53 72 77 67 49 39 44 47 45 39 31 22 12 5 4 4 5 6 -32767 -32767 20 18 15 10 10 18 33 46 50 50 50 50 50 50 50 50 51 45 38 38 43 49 50 50 48 42 37 37 45 50 50 50 50 50 50 51 51 48 43 41 41 42 41 41 42 43 44 47 49 50 50 50 50 50 50 50 47 43 48 50 49 50 48 45 49 52 52 50 48 47 53 61 66
39 50 52 58 74 78 68 53 45 47 48 48 46 39 29 18 10 6 5 6 9 -32767 -32767 18 15 11 6 4 10 28 43 49 51 50 50 50 50 50 49 50 55 54 50 49 50 50 49 46 39 34 35 45 50 49 50 50 50 50 50 50 49 47 46 45 45 43 40 39 35 35 40 46 49 50 48 46 48 50 50 50 49 50 48 43 38 37 43 61 66 62 56 50 47 49 55 61
46 52 52 59 71 77 71 58 50 48 48 46 42 36 31 24 15 9 5 4 6 10 12 14 12 8 5 6 12 25 39 47 50 50 50 50 50 50 50 51 56 57 54 51 50 50 49 47 41 39 41 46 47 46 48 49 50 49 50 50 50 51 50 50 50 49 46 41 32 27 29 40 48 50 44 40 46 50 50 51 51 49 45 36 25 27 49 85 92 83 72 62 55 50 52 57
58 54 49 55 66 77 77 68 57 51 49 41 33 26 28 29 21 12 4 2 3 5 7 8 7 6 5 7 12 22 33 43 49 50 50 50 50 50 50 49 48 51 52 51 50 50 50 48 46 48 47 45 39 37 43 48 50 50 50 50 50 50 50 51 51 51 49 43 31 19 17 34 46 48 37 35 45 49 49 50 49 47 42 32 23 30 48 76 83 81 78 72 63 54 56 62
66 52 42 50 64 79 80 74 62 54 49 39 28 20 26 30 25 13 4 2 2 3 4 5 5 5 5 6 11 17 24 34 44 48 50 50 50 50 50 48 45 48 50 50 50 50 50 49 49 50 49 45 37 34 40 47 50 50 50 50 50 50 50 50 50 50 51 44 30 19 18 35 45 45 33 33 45 46 47 48 49 45 38 28 23 34 35 33 33 42 55 60 58 53 57 64
65 49 39 47 64 78 77 72 65 57 49 39 28 20 24 27 23 12 3 2 2 2 4 5 6 5 5 6 10 13 15 24 36 43 48 50 51 51 50 48 46 49 50 50 50 50 50 50 50 50 50 48 44 42 44 48 51 50 50 50 50 50 50 50 50 50 51 46 34 25 27 40 46 46 40 41 44 39 38 42 45 41 32 21 19 30 28 17 9 15 31 42 48 49 49 54
61 47 41 47 59 69 68 67 65 56 48 42 34 28 28 26 21 10 4 2 2 3 4 6 7 5 4 5 10 13 13 17 25 34 43 48 50 50 49 48 48 50 50 50 50 50 50 50 50 50 50 50 49 48 48 50 50 50 50 50 50 50 50 50 50 50 50 48 44 39 39 45 48 48 46 46 40 28 24 26 29 26 22 20 23 31 31 25 15 10 16 28 38 44 43 49
60 47 42 45 52 56 55 55 54 49 45 44 42 38 34 30 22 10 4 2 2 3 4 7 8 6 4 6 11 14 12 9 12 21 33 42 46 48 48 48 49 51 51 51 51 50 50 50 50 50 50 50 50 50 49 49 50 50 50 50 50 50 50 50 50 50 50 51 51 49 48 48 49 47 43 37 32 27 24 22 20 14 17 32 39 39 31 24 18 14 18 31 40 46 47 53
60 46 43 42 44 48 49 45 41 39 40 42 43 40 36 32 22 10 4 2 3 3 4 7 7 6 5 6 11 14 14 9 7 12 23 32 39 44 47 48 50 51 51 51 52 50 50 50 50 50 50 50 50 50 49 48 48 49 50 50 50 50 50 50 50 50 50 50 51 51 50 50 50 47 39 29 30 37 39 39 34 23 26 42 50 47 34 23 22 30 48 69 77 75 68 65
60 49 46 42 39 46 46 38 31 29 35 40 43 40 36 31 20 9 3 2 4 4 5 6 6 5 4 5 8 12 13 10 5 5 11 17 28 41 46 48 49 50 50 52 52 50 50 50 50 50 50 50 50 50 47 44 44 47 50 50 50 50 50 49 48 48 49 50 50 50 50 50 50 49 45 39 37 40 45 49 47 36 34 44 52 57 55 42 36 44 67 92 106 102 90 80
62 53 51 47 45 50 45 33 24 24 33 39 42 42 39 33 19 8 3 3 6 6 6 7 6 6 5 4 5 8 8 6 3 1 3 6 19 40 46 47 49 49 49 52 51 48 49 50 50 50 50 50 50 49 45 40 39 44 49 49 49 49 49 47 46 47 48 50 49 49 49 49 49 50 51 49 41 37 40 48 48 38 30 34 48 63 70 60 47 45 55 71 83 83 78 71
