Heavy_metals_comparison/usgrids5km/gcarb.asc
ncols 940
nrows 592
xllcorner -2405000
yllcorner 260000
cellsize 5000.00
nodata_value -32767
[rows 0 to 48 of 592, columns 576 to 671 of 940]
29 31 32 32 31 32 32 32 30 28 25 22 24 28 29 26 24 29 33 29 29 30 25 31 33 32 32 33 33 32 32 32 32 32 32 33 33 33 33 33 33 32 32 33 33 32 28 25 28 27 24 19 17 20 25 26 17 18 23 26 26 25 31 31 26 21 17 17 20 23 21 17 16 15 14 12 13 17 20 20 18 18 21 22 19 16 15 15 18 20 20 22 21 19 17 17
29 31 32 31 28 29 31 31 28 24 20 18 22 28 30 28 28 27 29 29 29 29 23 26 31 30 30 33 32 31 31 33 33 33 33 33 33 33 33 33 31 27 29 32 34 32 27 24 26 26 25 22 20 20 21 25 22 21 22 21 23 22 29 33 30 25 18 18 20 21 19 18 16 15 14 14 13 16 20 21 21 21 22 20 16 16 16 15 17 19 20 22 20 17 15 16
30 32 32 30 27 25 27 30 29 24 21 21 22 26 30 27 31 25 25 28 31 29 22 24 29 28 27 29 30 31 32 33 33 33 33 33 33 33 32 32 30 24 27 31 32 30 28 25 25 27 26 24 24 23 16 21 25 25 23 19 24 25 29 32 29 25 19 20 20 18 18 21 18 15 15 15 15 17 23 24 22 21 19 14 13 18 18 17 17 18 19 19 18 16 15 17
32 32 32 30 27 23 24 29 30 25 24 24 24 27 31 29 27 19 21 29 33 30 22 25 28 27 25 25 28 29 32 33 33 33 33 33 33 33 32 30 29 25 27 30 30 29 28 25 25 27 27 24 20 19 17 20 22 23 24 22 29 30 31 31 28 24 18 19 21 21 22 24 21 17 15 16 17 20 25 26 22 19 19 14 13 16 19 20 18 19 18 16 15 15 16 18
32 31 32 32 30 28 29 31 30 25 26 26 27 30 33 33 25 16 18 26 28 25 23 26 24 23 27 27 29 26 29 34 33 33 33 33 33 33 32 30 28 27 27 28 28 28 26 25 23 26 28 25 15 14 20 23 22 23 27 27 31 32 32 32 29 23 17 18 21 24 26 27 24 20 18 20 23 26 27 26 20 16 20 17 15 15 18 20 18 19 17 15 14 16 17 18
31 29 32 33 32 33 33 30 28 24 24 26 29 31 31 32 29 24 19 16 18 17 23 26 21 20 29 30 29 23 27 34 33 33 33 33 33 33 32 31 29 28 27 26 26 28 25 23 22 25 28 26 22 21 25 27 26 27 29 31 31 31 31 32 29 21 17 18 21 24 27 27 25 22 23 26 28 30 27 23 19 15 20 17 14 14 16 17 16 17 16 14 15 17 18 19
29 29 32 31 31 32 32 27 24 22 21 23 28 31 29 28 30 29 22 13 16 17 19 24 27 27 31 30 27 21 24 33 32 32 33 33 33 33 33 32 30 30 30 28 25 24 25 23 22 25 28 26 28 29 29 30 30 30 31 33 32 30 28 29 25 20 18 20 21 23 26 27 26 25 26 28 29 29 26 20 17 16 19 16 14 16 18 17 15 15 15 15 17 19 18 19
28 30 32 30 30 31 30 25 25 25 23 24 26 25 26 23 25 27 23 15 21 23 18 22 32 33 33 31 26 21 22 29 29 29 32 33 33 32 32 33 33 32 33 31 26 23 25 23 21 22 26 25 27 31 31 29 31 31 33 33 32 30 25 26 24 21 21 22 21 22 25 27 28 28 29 29 27 27 25 20 16 15 17 16 15 18 24 19 15 16 18 18 19 19 18 19
29 32 33 32 32 30 27 25 28 29 28 27 24 22 25 23 25 26 24 21 24 27 25 26 32 34 33 32 26 22 22 25 26 27 30 32 33 32 32 33 33 33 33 32 29 26 27 25 21 20 23 24 26 30 31 27 28 28 31 33 32 30 25 23 24 25 25 25 23 23 25 27 28 29 30 30 26 23 23 22 16 15 15 16 17 19 24 18 15 20 25 25 20 18 18 20
31 33 33 33 33 31 27 26 27 29 30 28 23 25 28 30 30 28 23 27 27 29 31 32 32 33 32 30 25 22 25 29 29 28 29 31 32 33 33 33 33 33 32 32 31 29 29 28 25 22 23 23 26 30 30 26 23 24 29 32 30 29 27 25 25 26 26 27 27 26 26 27 29 30 29 28 24 20 20 21 18 16 16 17 18 21 23 16 15 22 27 25 19 17 18 22
31 33 33 33 32 30 29 28 26 27 29 28 23 26 29 32 33 28 22 28 30 31 32 32 32 32 31 28 24 23 27 33 33 30 29 29 32 33 33 33 33 33 31 31 31 31 31 30 29 26 24 24 27 30 28 25 22 23 28 30 28 28 28 27 27 27 27 28 28 26 24 26 30 30 28 24 20 17 16 17 18 18 18 19 19 20 19 15 16 22 24 20 16 16 18 23
31 33 33 31 27 26 31 31 27 26 28 28 24 25 27 30 31 27 21 26 31 33 32 31 33 31 28 26 26 27 30 33 33 31 29 28 30 32 32 32 32 32 30 30 30 31 32 30 29 28 25 26 29 29 26 25 24 25 28 28 25 28 29 27 26 27 28 27 26 23 20 24 30 30 27 22 16 14 16 16 16 17 20 22 21 19 15 14 17 22 22 19 16 15 17 21
32 32 33 29 23 22 31 32 29 26 25 27 26 26 27 29 28 25 25 27 31 33 33 32 33 29 25 25 29 31 33 33 32 30 28 27 28 30 30 29 29 30 29 29 29 31 31 28 27 29 27 26 28 28 25 26 27 28 29 27 24 29 29 26 25 26 27 26 24 20 19 24 28 28 25 21 15 12 15 16 14 16 21 22 20 18 16 16 20 22 21 20 17 15 16 19
32 32 32 29 23 23 29 31 29 26 22 24 28 29 29 28 25 23 28 28 30 33 33 31 33 31 28 28 30 32 32 32 31 29 26 26 26 27 26 25 26 27 28 29 30 31 31 28 25 29 29 26 25 26 25 27 30 31 29 28 27 29 27 23 22 24 26 25 23 20 19 23 25 24 22 20 16 13 14 14 13 16 23 22 19 18 18 20 23 21 20 21 19 15 16 18
33 32 32 30 25 25 29 30 29 27 23 25 30 30 29 29 26 25 26 28 31 33 33 29 32 33 32 31 31 32 31 31 31 28 24 24 24 23 21 21 22 24 27 29 31 31 32 29 25 28 29 25 23 26 28 29 31 30 27 29 32 30 25 22 22 23 24 25 25 23 20 23 22 19 19 20 18 16 15 14 14 19 24 23 19 18 20 24 24 20 18 20 21 17 18 19
33 32 31 31 28 28 31 31 29 29 28 30 31 30 29 29 28 28 25 27 31 32 32 30 32 33 31 31 32 31 31 31 30 26 22 22 23 21 20 20 22 25 28 29 30 31 32 31 29 29 28 25 23 26 29 29 29 28 25 30 33 30 26 24 24 24 24 26 28 27 24 23 20 17 18 21 19 18 18 17 19 23 25 25 21 18 20 25 24 21 17 17 20 21 22 22
33 32 31 31 30 30 32 31 30 31 31 32 32 31 30 30 30 28 24 26 29 28 31 31 32 32 31 31 33 32 31 31 29 25 21 21 22 24 23 23 26 28 30 30 30 31 32 33 31 30 29 27 27 28 28 26 25 25 24 31 33 30 27 27 27 27 27 28 29 28 27 26 21 17 18 21 22 21 21 21 22 24 25 26 25 21 17 23 23 22 18 14 17 22 26 26
33 33 32 31 29 30 31 31 31 32 32 33 32 32 32 31 31 28 26 27 26 20 29 32 33 32 31 32 33 32 32 30 28 26 23 22 24 27 28 28 30 31 32 32 32 32 33 33 33 32 31 29 31 31 28 25 22 22 26 31 33 32 30 31 30 31 32 32 30 27 28 26 20 18 19 22 24 25 24 24 25 25 25 27 28 24 17 21 24 24 21 15 14 22 29 30
33 33 32 31 30 31 31 30 30 32 32 32 33 33 32 32 30 29 30 29 24 13 26 32 32 32 31 32 33 32 29 26 25 29 28 27 29 31 32 32 33 33 33 33 33 33 33 33 33 33 31 30 31 31 29 26 22 22 27 30 31 32 31 32 32 32 33 32 29 24 25 23 19 19 20 22 25 27 26 26 26 27 27 27 28 26 20 22 24 26 23 17 14 20 27 30
33 33 32 31 32 32 31 29 28 30 29 30 32 32 30 30 30 30 30 29 22 16 26 31 32 33 32 33 33 31 26 20 21 29 31 31 32 33 33 33 33 33 33 33 33 33 33 33 33 33 31 29 31 31 30 27 25 25 28 27 27 31 30 32 32 32 32 32 28 23 23 23 19 21 23 23 24 27 28 27 27 28 29 28 28 25 21 20 24 26 24 19 16 19 24 27
31 31 30 30 31 33 31 28 27 29 27 26 29 30 26 26 29 30 29 26 22 21 27 30 31 33 33 33 33 32 25 17 18 25 30 32 33 33 32 32 32 32 33 33 33 33 33 33 33 33 30 28 30 32 30 27 28 30 29 24 24 29 26 28 29 29 30 32 29 24 24 24 20 23 26 25 23 25 27 29 30 30 30 29 28 24 20 20 23 26 24 20 18 20 23 26
28 28 27 28 29 32 32 28 27 29 25 23 26 28 22 23 26 27 27 25 24 25 28 30 31 33 32 33 33 32 27 18 19 23 28 32 33 32 31 31 31 32 33 33 33 33 33 33 33 33 30 27 28 31 31 28 29 31 29 23 22 26 23 23 26 27 28 32 30 27 27 26 21 22 26 27 23 22 25 29 32 31 30 30 29 26 23 21 23 24 22 20 19 21 23 24
24 22 24 23 25 30 32 30 29 29 26 23 24 26 21 21 22 23 25 24 27 27 29 30 31 31 32 33 33 32 29 25 24 24 27 32 32 32 31 30 30 32 33 33 33 33 33 33 33 33 30 27 26 28 32 30 30 32 29 22 22 24 23 23 25 26 28 31 32 31 30 28 23 22 25 28 25 21 24 29 31 30 27 30 30 29 27 25 24 24 22 19 18 20 21 22
22 17 20 18 20 27 33 31 29 29 28 26 26 28 23 20 19 21 25 26 30 28 28 31 30 29 31 32 32 32 30 30 29 27 29 32 32 32 31 30 30 32 33 33 33 33 33 33 33 33 30 28 26 26 30 31 32 31 27 21 22 23 24 26 27 27 28 31 32 32 32 30 26 23 24 27 26 23 25 29 30 29 27 30 31 31 31 30 28 25 23 20 17 18 20 21
23 18 22 20 21 27 32 29 25 26 30 31 30 30 27 20 17 20 26 28 32 30 30 31 28 28 29 28 29 30 29 30 31 31 31 32 32 32 31 30 31 31 31 32 32 31 31 32 33 33 31 29 27 26 28 30 31 29 24 18 20 21 25 29 30 29 28 30 32 33 32 32 29 26 25 26 27 26 28 30 30 30 29 31 32 32 33 33 31 28 25 20 14 14 18 21
25 22 25 24 24 28 31 27 22 24 30 33 32 31 27 21 19 24 30 32 33 32 32 32 27 29 27 25 25 26 26 28 31 33 32 32 32 32 32 32 32 30 29 30 31 29 28 31 33 33 32 31 29 29 28 27 26 22 19 15 17 20 25 31 32 29 28 30 31 32 32 32 31 29 26 26 26 28 30 31 30 31 30 31 31 32 33 33 32 31 28 22 15 15 18 19
24 24 26 28 29 30 30 26 22 25 30 32 32 31 27 23 23 28 32 33 33 33 33 32 29 31 27 22 21 20 22 25 29 31 31 32 33 33 32 32 32 30 28 28 27 25 26 30 33 33 32 32 32 32 29 26 21 18 19 16 19 23 27 30 29 28 29 29 30 30 31 32 32 30 27 25 26 28 31 31 31 32 32 31 30 31 33 33 33 33 31 27 22 21 20 19
22 25 27 30 31 29 29 27 25 26 30 30 31 31 30 28 29 31 32 33 33 33 33 31 31 32 28 22 20 19 21 24 27 27 26 30 33 33 33 33 32 30 28 26 23 22 25 30 33 33 33 33 32 32 30 26 20 18 22 21 22 26 30 29 28 29 29 29 28 29 31 32 33 31 27 25 26 29 31 32 32 32 32 31 31 30 32 33 33 33 33 30 28 27 25 23
22 26 29 29 28 25 28 29 28 29 29 27 28 30 31 31 32 31 32 32 33 33 33 29 30 32 29 23 22 22 23 25 25 22 20 27 30 30 30 32 32 31 28 24 21 21 26 31 33 33 33 33 32 32 31 28 23 21 26 26 27 30 31 27 28 30 31 29 27 28 30 31 32 30 27 26 28 30 32 32 32 32 32 32 32 30 32 33 33 33 33 32 32 31 30 28
24 26 28 27 23 23 27 28 29 28 27 24 24 28 30 29 29 29 30 32 32 32 33 28 29 32 29 24 24 27 28 27 25 21 19 24 24 23 26 31 32 32 29 25 21 22 28 32 33 33 33 33 33 33 32 30 28 26 29 30 31 32 31 27 28 31 32 30 28 28 28 29 30 30 27 28 30 32 32 33 32 31 31 32 33 30 31 32 33 33 33 33 33 33 32 30
26 27 24 22 20 22 25 27 27 27 26 23 22 26 30 30 29 29 29 31 31 31 31 27 29 32 29 22 24 30 32 31 28 23 22 24 22 21 25 29 31 32 31 27 24 25 29 32 33 33 33 33 33 33 33 32 31 30 31 32 32 32 31 29 30 32 32 31 29 29 28 29 30 31 29 29 31 33 33 33 31 30 30 31 32 30 30 32 33 33 33 33 33 32 32 31
28 27 22 19 19 22 21 22 24 26 26 25 24 27 31 31 30 30 29 30 31 31 30 27 29 32 30 22 24 30 33 32 30 28 27 26 23 23 27 29 30 31 32 30 28 28 31 32 33 33 33 33 33 33 33 33 33 32 32 32 33 33 32 31 30 30 30 30 31 31 30 30 30 31 30 30 32 33 33 33 32 31 31 29 29 29 30 33 33 33 33 33 33 32 33 31
28 26 22 19 21 23 20 19 23 26 26 24 25 29 29 27 28 30 30 30 32 32 31 27 27 30 30 23 24 29 32 32 32 31 29 28 26 25 28 30 30 30 31 32 30 30 31 32 33 33 33 33 33 33 33 33 33 33 33 33 33 33 33 32 29 27 28 29 31 33 32 31 30 30 31 32 33 33 33 33 33 32 31 28 29 30 31 33 33 33 32 32 32 32 33 31
28 27 25 21 20 23 23 23 26 28 24 20 23 28 26 20 23 28 30 31 32 32 32 29 25 24 26 23 25 30 33 32 33 31 29 28 28 27 29 31 30 28 30 32 31 31 32 32 33 33 33 33 33 33 33 33 33 33 33 33 33 30 27 24 22 24 28 30 31 33 33 33 31 30 31 32 31 30 31 32 33 33 30 29 30 32 32 33 33 33 31 30 33 33 32 32
27 29 28 24 19 23 26 27 28 27 19 14 16 20 18 17 17 21 27 32 33 32 33 32 25 17 19 20 25 30 32 33 33 32 29 27 27 27 30 31 29 28 30 31 31 31 31 31 32 32 32 33 33 33 33 33 33 33 33 33 33 26 19 15 17 22 28 30 30 32 34 34 32 32 32 31 29 26 28 32 33 33 30 30 31 32 32 33 33 33 31 28 33 32 30 30
28 31 31 27 23 25 28 29 27 20 11 -32767 -32767 9 9 14 13 13 21 31 33 32 32 32 28 20 19 15 21 28 30 33 33 32 29 25 24 26 31 31 29 28 28 29 28 28 28 28 28 28 30 32 33 33 33 33 33 32 33 33 32 23 15 14 20 22 27 30 29 30 32 32 32 32 32 31 29 29 30 32 32 31 31 31 32 31 30 31 31 32 32 30 33 31 27 25
30 32 31 28 27 27 29 30 26 14 5 -32767 2 -32767 3 8 7 7 16 30 33 33 32 31 30 26 22 14 15 22 26 32 32 30 27 24 23 27 31 31 28 27 26 26 25 25 26 26 27 26 28 30 31 33 33 33 31 30 33 33 30 23 16 16 23 23 27 30 30 29 28 28 30 32 31 30 31 31 32 33 32 31 32 32 31 30 25 26 27 30 33 32 32 30 27 25
30 31 27 26 28 28 27 28 23 10 -32767 -32767 0 0 0 -32767 -32767 6 12 27 32 33 32 31 31 29 26 18 13 14 21 30 30 28 25 24 25 28 30 27 24 25 27 25 23 24 26 28 29 28 27 27 27 30 31 30 28 27 32 32 30 27 24 24 22 23 28 32 32 30 26 26 29 32 31 31 31 31 32 33 32 32 32 31 29 29 25 26 28 30 33 33 31 30 31 29
30 29 23 22 26 28 26 25 18 9 -32767 -32767 4 3 1 -32767 -32767 -32767 12 22 29 32 32 30 31 29 28 21 14 14 22 27 27 26 26 26 27 29 28 23 18 22 26 24 22 24 27 30 31 28 26 25 22 25 25 24 22 23 30 31 29 30 30 27 23 25 30 33 33 31 28 27 30 32 32 32 32 31 30 30 29 30 31 30 27 28 29 30 32 32 33 33 31 30 32 29
31 28 19 18 23 27 27 23 12 -32767 -32767 -32767 8 5 2 4 6 -32767 9 16 21 28 32 30 29 29 27 21 17 20 26 25 23 24 27 27 30 31 28 23 19 19 21 20 21 25 29 31 31 29 26 25 21 22 22 20 19 18 26 29 28 29 30 22 24 29 32 33 33 32 30 28 28 31 32 33 32 32 29 26 25 27 30 29 27 29 31 32 33 32 30 31 31 31 32 28
30 25 17 17 22 25 27 24 13 -32767 -32767 6 6 3 2 3 3 2 4 -32767 13 23 31 31 28 29 28 24 22 26 27 22 20 24 28 28 31 31 30 26 24 20 17 18 21 25 29 32 32 31 29 29 26 25 22 20 21 16 23 29 28 28 29 22 25 32 34 34 33 32 31 28 25 29 31 32 33 32 29 25 23 26 30 31 30 31 32 31 33 31 29 29 29 28 32 30
24 20 17 20 23 24 26 26 16 5 -32767 5 6 -32767 -32767 -32767 2 0 -32767 5 11 20 28 31 30 31 31 28 28 30 28 21 20 25 29 30 31 32 31 29 28 24 21 20 22 23 27 31 33 31 30 30 29 25 21 21 25 22 27 31 31 30 27 25 28 32 33 32 32 32 32 30 27 27 28 31 33 33 30 27 25 27 31 32 33 33 32 30 31 32 32 30 26 24 31 33
23 21 22 25 27 25 24 22 12 3 -32767 10 10 -32767 -32767 -32767 2 0 -32767 -32767 11 21 27 31 31 30 29 30 31 32 29 25 25 29 30 32 32 31 31 31 32 28 25 23 22 21 25 29 30 28 27 27 26 22 19 23 29 30 31 33 33 32 27 26 28 28 28 26 29 32 33 32 31 27 27 30 33 33 31 30 29 30 32 33 33 33 32 30 30 32 33 31 28 27 31 33
27 28 29 30 30 27 22 17 -32767 -32767 4 10 9 3 1 -32767 -32767 -32767 -32767 4 13 26 30 32 32 27 25 30 32 32 30 28 29 31 30 30 30 28 27 30 32 30 27 25 22 19 22 26 26 24 24 26 26 23 23 28 31 32 33 33 33 33 26 25 26 25 24 23 27 31 32 32 32 30 29 31 33 33 33 32 31 32 32 32 33 33 33 32 32 33 32 31 32 33 33 33
30 31 32 32 31 24 15 13 6 -32767 -32767 -32767 4 1 0 -32767 -32767 -32767 -32767 -32767 12 27 32 33 33 29 27 31 33 32 31 31 31 29 28 28 28 26 24 27 29 30 29 27 23 19 20 23 23 20 25 28 28 27 29 32 32 33 33 33 33 31 23 21 25 27 26 28 30 30 30 30 29 28 28 30 30 31 32 30 28 30 30 31 33 33 33 33 33 33 33 32 33 34 33 33
32 31 31 31 29 19 11 10 7 -32767 -32767 -32767 -32767 -32767 -32767 -32767 -32767 0 -32767 -32767 7 21 31 33 33 32 31 30 31 30 30 32 31 30 29 29 30 29 27 25 25 27 29 28 26 20 19 23 23 21 25 28 30 30 30 29 31 33 33 33 32 28 20 17 24 27 27 31 32 29 26 25 22 19 20 25 26 29 31 29 25 28 30 31 32 33 33 33 33 33 33 33 33 33 33 33
33 31 29 26 22 14 12 11 9 -32767 -32767 -32767 -32767 -32767 -32767 3 2 -32767 -32767 -32767 5 13 23 28 32 33 28 25 25 24 27 31 30 31 30 31 32 31 29 24 23 27 30 30 28 25 25 28 29 27 25 25 29 32 30 25 29 33 31 28 28 25 19 18 25 23 26 31 32 29 23 20 18 16 14 17 21 28 31 27 25 29 32 32 32 33 33 32 32 33 33 33 32 31 32 32
32 31 26 21 15 10 14 15 13 6 2 -32767 -32767 -32767 -32767 6 3 2 -32767 -32767 5 7 14 21 29 31 23 19 20 23 26 27 28 29 29 30 31 30 27 23 26 31 31 30 29 27 27 31 32 28 22 22 27 29 27 26 29 33 29 22 24 23 18 20 26 22 24 29 29 24 17 15 18 21 15 12 17 27 31 26 26 30 33 33 33 33 33 29 28 32 33 33 30 29 32 32
29 29 25 18 10 8 15 21 17 7 -32767 5 9 8 -32767 7 4 -32767 -32767 -32767 5 4 10 18 24 24 16 14 20 27 28 23 26 26 28 30 30 28 22 22 28 32 29 27 25 22 22 29 31 24 18 19 24 25 25 26 29 32 30 22 22 21 20 24 28 25 24 24 24 18 14 14 20 26 22 19 21 26 27 24 28 31 32 32 31 32 32 28 25 29 32 34 30 27 31 31
