Heavy_metals_comparison/usgrids5km/gcarb.asc
ncols 940
nrows 592
xllcorner -2405000
yllcorner 260000
cellsize 5000.00
nodata_value -32767
[rows 49 to 97 of 592, columns 768 to 863 of 940]
31 32 32 33 34 34 32 28 28 31 26 23 27 32 36 36 36 36 36 36 31 28 27 28 27 24 23 27 32 34 33 32 34 31 34 37 36 37 37 37 37 35 30 30 34 35 36 36 36 36 36 36 34 32 32 33 35 37 38 39 40 40 39 39 39 39 38 34 35 37 37 36 36 35 34 36 38 36 32 31 34 36 34 31 32 36 35 33 32 35 36 38 40 41 31 20
29 30 32 32 34 34 32 31 30 33 26 23 28 33 35 35 35 36 36 36 32 28 27 27 24 21 19 24 32 36 36 35 35 33 34 36 36 37 37 37 37 33 25 23 31 35 37 38 38 38 37 36 33 30 30 33 35 34 35 38 39 40 40 39 39 40 38 36 35 37 38 37 37 36 35 37 38 36 34 34 35 36 34 31 31 33 32 29 27 30 34 38 40 41 31 16
28 30 32 32 34 34 33 33 32 34 30 26 31 34 35 34 34 36 36 36 35 31 27 24 21 18 16 21 30 36 37 37 36 35 35 36 36 37 38 37 38 34 26 23 31 34 36 38 39 38 36 34 32 29 31 35 37 35 36 38 39 40 40 39 40 39 33 34 37 37 38 38 38 37 37 38 38 37 35 36 36 36 34 31 30 30 30 27 23 22 27 36 40 41 31 14
29 31 32 33 34 34 34 34 35 36 33 29 32 35 35 35 34 36 37 37 36 34 28 21 18 17 15 18 26 34 37 36 36 37 37 36 36 37 38 38 39 37 32 28 32 35 37 38 37 36 34 33 31 30 33 37 39 38 38 39 40 40 40 39 39 40 30 30 35 38 39 39 39 38 38 38 38 38 36 36 37 37 36 33 33 34 33 29 24 23 27 36 40 40 30 11
31 33 34 35 34 33 35 35 37 37 34 31 32 34 35 36 35 36 37 37 37 35 29 22 19 19 19 20 24 31 35 35 34 34 34 35 37 37 38 38 39 38 36 32 34 37 37 38 36 35 34 33 32 33 36 39 39 39 39 39 40 40 39 39 39 40 34 30 31 36 39 39 38 39 39 39 38 38 36 36 36 38 37 36 37 37 36 34 32 33 35 39 41 38 25 -32767
33 35 36 36 34 34 37 37 38 38 36 33 33 35 36 37 37 37 37 37 37 36 33 28 25 26 26 25 25 30 35 36 35 31 30 33 38 38 38 38 39 39 38 36 36 38 38 37 37 37 36 34 34 36 38 39 38 38 38 39 39 39 39 40 39 39 37 33 31 35 39 39 36 38 38 38 38 35 34 35 35 38 38 38 38 38 38 39 40 40 40 41 41 37 20 11
35 37 37 35 34 35 38 39 38 38 37 35 35 36 37 37 37 37 37 37 37 37 36 33 32 32 33 32 30 32 35 37 37 33 31 34 38 38 38 38 39 39 37 35 37 38 38 36 36 38 36 34 35 38 39 38 38 38 38 39 38 38 39 40 39 39 38 36 33 35 38 39 37 36 35 37 38 34 33 36 37 38 38 38 38 39 39 40 40 40 40 40 40 32 19 -32767
36 37 37 34 34 36 38 39 38 38 38 37 37 37 37 37 37 37 37 37 37 37 37 37 37 37 37 37 35 35 37 37 38 36 35 36 38 38 38 38 38 38 35 33 36 37 37 36 35 37 36 34 34 35 37 38 38 38 39 39 37 36 38 39 39 39 39 38 36 36 38 39 39 37 34 36 37 35 36 38 38 39 38 38 39 39 39 40 40 40 40 39 37 26 15 -32767
37 38 37 33 34 37 39 39 39 38 38 38 38 38 38 37 38 37 37 38 38 38 38 38 39 39 39 38 37 37 38 38 38 38 37 37 38 38 39 39 35 33 33 30 34 35 35 35 36 37 36 34 32 31 35 38 38 38 38 38 37 34 36 37 37 38 39 39 38 37 38 38 37 38 37 38 36 36 39 39 39 39 39 39 39 39 39 40 40 40 39 35 29 17 6 -32767
37 38 37 34 36 38 39 39 38 38 38 38 38 38 38 37 37 37 37 37 37 38 38 39 39 39 39 38 38 38 38 37 38 38 38 38 38 38 39 40 32 27 32 31 33 33 32 33 36 38 37 35 33 33 36 38 38 37 38 38 37 36 35 34 32 35 38 39 39 38 39 37 34 37 39 39 38 38 39 39 39 39 39 39 40 40 40 40 40 39 34 25 15 7 1 0
35 37 36 36 37 38 36 35 36 39 38 38 38 38 38 37 36 36 37 36 36 38 38 38 39 39 39 38 38 38 38 37 37 38 38 38 37 37 37 37 30 24 33 35 34 31 30 31 34 37 39 37 35 35 38 39 38 37 37 38 38 38 37 35 31 33 37 39 39 39 39 38 35 37 39 39 39 40 39 39 40 39 39 40 40 40 40 40 39 37 29 19 10 3 2 4
34 36 36 37 38 37 33 31 34 38 38 38 38 38 38 37 35 35 37 37 37 38 38 38 38 39 39 39 39 38 38 38 37 38 38 38 37 34 32 30 26 23 32 35 34 30 30 30 32 34 38 38 37 38 40 40 38 37 37 38 38 37 38 38 34 33 36 38 36 37 39 39 37 38 39 39 40 40 40 40 40 39 39 40 39 40 40 40 37 33 26 20 14 7 6 10
35 36 36 37 38 37 34 33 34 38 38 38 38 38 38 38 36 36 38 38 38 38 39 38 39 39 39 39 38 38 38 37 35 37 39 39 36 32 27 22 21 27 30 29 30 29 29 31 34 35 36 36 38 39 39 39 39 38 39 39 37 36 37 40 38 36 36 37 35 35 38 39 39 39 40 39 40 40 40 40 40 39 38 39 39 39 39 38 34 27 21 18 14 9 10 15
36 35 36 37 38 37 36 36 36 37 38 38 39 39 39 38 38 38 38 39 39 39 39 39 38 38 37 37 36 37 37 35 33 34 38 36 32 32 29 16 16 29 32 25 25 27 28 31 36 37 34 34 34 33 33 36 38 39 39 39 37 36 38 39 39 39 37 37 36 37 39 39 39 40 39 39 40 40 40 40 40 39 37 37 36 37 37 34 27 21 17 14 9 8 15 22
37 35 35 37 38 38 37 36 37 37 37 38 38 37 37 37 38 38 39 39 40 39 39 39 37 36 33 33 34 35 37 37 33 32 36 32 27 28 31 22 20 28 33 26 24 26 29 31 35 34 32 33 30 26 27 34 36 37 39 39 36 36 38 38 36 37 38 38 37 39 40 39 39 40 39 38 39 40 39 39 40 38 37 34 31 29 27 22 17 14 15 14 12 13 22 29
36 33 35 37 37 37 37 37 37 37 37 37 35 33 33 36 38 39 39 39 38 38 39 39 37 36 33 33 34 36 38 39 36 31 34 30 24 22 24 29 29 27 34 31 30 32 33 31 33 34 32 32 27 21 22 31 34 35 38 40 38 37 37 37 33 35 38 39 38 39 40 39 38 40 39 38 39 39 38 37 39 36 34 31 24 19 16 13 10 11 15 17 17 19 25 32
35 31 35 37 37 37 36 36 38 38 37 38 35 33 34 37 39 39 39 38 37 37 38 38 37 38 36 34 33 36 38 37 34 34 33 29 25 24 24 31 32 24 35 37 36 36 30 26 30 37 35 33 27 23 23 28 30 34 39 40 39 38 37 38 33 33 37 40 39 39 40 40 39 40 40 39 40 38 35 31 37 35 31 29 21 14 10 8 9 11 16 19 18 16 20 28
32 28 35 38 37 37 36 36 38 39 38 38 37 36 37 38 38 38 39 38 37 37 37 37 38 39 37 33 32 36 37 35 31 35 36 33 31 33 32 33 33 23 33 39 37 35 23 17 25 38 38 36 33 32 31 28 27 33 39 40 39 38 37 38 35 34 38 40 40 40 40 39 39 39 40 40 40 38 33 27 33 33 29 31 22 14 9 8 13 18 20 20 17 13 15 24
29 27 32 36 37 36 37 38 39 40 38 39 39 38 38 38 37 36 38 38 38 38 38 37 38 38 36 31 32 36 37 34 31 34 37 37 37 39 35 30 29 24 30 37 35 34 23 17 25 37 39 38 38 37 34 31 31 34 38 40 39 38 37 39 39 38 39 40 40 40 40 40 38 37 39 40 40 37 35 30 30 30 27 28 21 11 10 12 19 26 24 19 15 13 15 23
29 28 29 32 36 35 36 36 39 40 39 39 39 37 38 38 37 36 38 38 38 39 39 38 38 38 36 34 35 38 38 34 33 34 36 37 39 39 35 28 27 27 32 37 34 34 29 23 28 36 39 39 38 36 34 33 36 37 39 39 38 37 37 39 40 40 40 39 39 38 39 39 38 37 37 38 38 36 35 31 26 27 24 22 16 10 15 19 24 28 23 17 14 15 17 24
29 30 29 30 28 32 32 26 38 40 39 39 38 35 36 38 38 38 39 38 38 39 39 39 40 39 35 35 38 39 39 37 36 36 34 34 37 38 36 34 34 35 36 38 34 34 33 28 31 36 39 38 38 37 35 35 37 38 39 39 38 37 38 39 40 40 38 36 35 36 36 35 35 36 35 32 35 34 32 26 19 21 20 17 14 18 26 30 31 29 21 15 14 17 21 26
23 27 28 32 23 26 31 21 34 40 40 39 36 33 35 39 39 39 39 39 39 39 39 40 40 40 37 37 39 40 40 39 39 38 33 33 35 35 36 38 40 40 39 39 37 35 35 32 34 37 38 39 39 39 38 38 38 39 39 39 39 39 40 40 39 39 38 31 30 32 34 32 32 33 29 22 28 31 27 21 13 12 11 11 14 24 33 36 34 26 17 13 14 19 24 29
19 27 25 27 21 23 27 23 33 40 40 39 38 36 37 40 40 40 39 39 39 40 40 40 40 40 38 37 38 39 40 39 39 38 33 32 34 34 37 39 39 39 39 39 38 37 34 35 38 38 38 39 39 40 40 39 39 39 38 38 39 40 40 40 39 38 37 29 26 29 33 31 30 30 26 19 24 24 18 14 10 8 8 12 17 26 32 34 33 25 15 13 15 20 25 31
28 33 26 21 18 15 6 24 34 39 40 40 40 39 39 40 40 39 38 39 40 39 39 39 40 38 35 34 37 39 39 39 39 38 33 29 32 36 39 39 37 38 36 35 38 37 34 35 40 38 37 37 38 40 40 40 40 40 39 39 39 39 40 40 38 34 34 29 26 28 32 30 29 29 30 27 25 20 11 12 15 16 18 19 23 28 31 33 32 26 16 15 18 21 24 29
36 37 31 25 18 17 7 21 38 38 38 39 40 40 39 39 39 39 38 39 39 38 36 36 39 37 33 33 37 39 39 39 39 39 35 30 30 34 38 38 35 37 35 33 38 39 37 37 38 36 35 35 37 40 40 39 39 40 40 40 38 38 39 39 37 31 30 28 26 29 27 27 30 27 28 26 22 17 13 17 23 27 29 27 26 29 31 32 31 28 21 20 22 22 23 27
36 35 35 33 23 21 14 19 39 38 35 36 40 39 39 39 39 38 38 39 38 37 34 35 37 36 34 36 38 39 39 39 39 39 38 36 32 32 36 38 36 37 38 37 39 40 40 39 33 30 29 30 36 39 40 38 38 39 39 39 37 36 37 39 36 28 25 25 27 29 25 23 30 26 22 16 14 14 18 25 31 35 36 34 29 29 31 31 30 29 26 26 27 26 24 26
36 34 36 37 31 31 25 22 38 36 33 36 38 39 38 38 38 37 38 38 39 38 36 37 37 35 36 38 40 40 40 40 39 39 39 39 35 34 37 37 37 39 39 40 40 40 40 39 30 23 25 29 35 39 39 36 35 37 39 38 36 35 36 38 35 27 22 24 28 29 25 22 28 26 18 11 12 18 27 34 38 40 39 37 31 31 32 30 29 30 30 30 31 29 27 27
37 36 36 36 36 37 34 29 36 33 32 37 38 38 38 38 39 38 37 37 39 37 37 38 38 36 37 39 40 40 40 40 40 39 39 37 35 37 38 38 38 40 40 41 40 40 40 39 31 24 28 33 37 39 38 36 35 37 38 37 36 35 35 36 34 28 23 26 29 29 25 24 26 24 16 11 15 24 33 38 39 38 38 37 32 31 33 31 31 32 33 33 33 32 30 30
36 36 35 34 35 37 37 37 36 32 32 38 38 39 39 40 40 39 37 34 36 35 35 36 38 38 38 39 39 40 40 40 40 40 40 38 35 38 39 38 39 40 40 40 40 40 40 39 35 29 32 37 39 39 39 38 38 38 38 36 35 34 33 34 33 28 24 26 28 27 23 24 25 21 16 17 24 33 38 39 37 36 35 35 31 29 33 32 33 34 34 33 33 32 31 32
35 36 35 33 35 37 34 36 35 32 34 38 39 39 39 40 40 39 36 32 32 33 34 35 37 38 37 37 38 39 40 40 40 40 40 39 38 39 39 39 39 40 40 40 40 40 40 39 37 35 36 39 39 39 39 40 39 39 37 35 33 33 33 32 30 26 24 24 24 25 21 20 20 17 16 23 34 40 39 38 37 35 33 33 31 27 32 33 33 34 33 33 32 32 32 32
36 33 34 36 37 38 33 33 33 32 36 38 39 40 39 40 40 38 34 30 30 31 33 35 36 37 37 36 38 39 39 39 40 40 39 39 39 39 40 40 39 39 39 40 39 39 40 40 39 39 40 40 39 39 39 39 40 40 37 34 31 34 35 32 26 22 22 23 23 22 19 16 13 16 19 27 37 40 37 35 36 34 31 31 31 28 31 34 33 33 32 31 31 32 33 33
38 32 33 37 38 38 35 34 34 33 37 39 40 40 40 39 39 36 30 27 26 29 34 36 36 36 36 37 38 38 36 36 39 40 38 38 39 39 40 40 39 39 39 39 38 38 40 40 39 40 40 40 40 39 39 39 39 39 37 33 30 33 35 29 21 17 19 22 21 18 15 12 12 20 27 29 36 38 36 33 35 32 29 29 31 30 32 34 33 32 30 29 30 32 33 33
39 36 36 38 37 38 37 36 35 35 38 40 40 40 40 39 37 30 22 17 -32767 25 35 38 35 33 34 36 37 36 31 32 36 39 38 37 38 40 40 40 39 39 39 40 38 37 40 40 40 40 40 40 40 40 40 39 39 37 35 32 32 33 32 25 16 12 13 17 17 13 9 7 10 21 29 29 33 36 35 31 32 30 28 29 30 31 33 33 33 32 29 27 29 31 33 33
38 39 39 39 38 38 37 37 35 37 39 40 40 39 39 39 36 26 17 11 -32767 23 34 36 32 30 32 35 36 36 28 27 34 39 38 36 37 39 39 39 39 39 39 40 39 35 39 40 40 40 40 40 40 40 40 39 37 34 32 32 33 34 31 21 12 7 7 10 11 8 7 7 11 18 25 25 29 34 35 32 29 26 28 30 31 32 34 34 33 32 29 27 28 29 32 33
38 39 39 39 38 38 37 38 37 38 39 40 40 39 39 39 36 28 24 22 18 27 35 33 29 29 32 34 36 35 27 25 32 37 37 37 38 39 39 39 39 39 40 40 40 37 39 40 40 40 40 40 40 39 39 38 35 31 28 30 34 35 29 19 9 4 3 4 -32767 4 6 9 13 17 20 21 24 30 35 34 28 23 28 31 31 32 34 34 33 33 31 29 28 28 29 31
38 38 38 38 38 38 38 38 39 39 38 39 39 39 39 39 36 33 35 35 29 32 36 32 27 29 33 35 36 35 31 29 34 36 36 37 38 38 38 39 39 39 40 40 40 38 38 39 40 39 39 39 40 39 39 37 34 28 25 26 32 33 26 15 6 3 2 1 2 3 6 10 14 15 16 17 20 27 32 32 26 22 28 32 31 33 33 33 33 33 31 30 30 27 25 28
38 38 38 38 38 38 38 38 40 40 36 37 38 38 39 39 37 37 38 39 37 37 36 32 27 27 31 35 37 37 36 36 36 35 35 37 38 37 37 39 39 39 39 40 39 37 36 36 39 40 39 39 39 39 38 36 32 27 22 21 28 29 21 11 5 3 3 -32767 6 7 9 12 15 14 13 15 21 26 30 31 25 25 29 31 31 33 33 32 33 33 30 28 30 28 24 26
39 39 39 39 38 38 37 38 39 40 36 36 37 34 37 39 39 40 40 40 40 39 37 34 29 25 27 33 37 38 38 37 36 34 33 37 38 37 38 38 39 39 39 39 38 37 34 33 38 40 40 39 39 39 39 36 32 25 19 16 22 23 16 8 5 5 -32767 9 12 13 13 15 18 15 12 14 22 27 30 32 27 28 32 31 31 33 33 32 33 33 30 25 29 29 27 27
39 39 39 39 38 38 37 37 37 38 38 38 36 31 35 39 39 40 40 40 39 38 37 34 30 26 29 33 37 38 38 38 36 33 34 38 39 39 39 38 38 39 39 39 39 37 34 32 36 40 39 39 38 38 39 37 30 22 16 13 16 16 10 5 6 9 12 14 17 18 17 19 20 18 12 16 25 30 31 34 31 31 34 33 33 33 33 32 33 32 30 25 27 30 29 30
40 40 40 39 38 38 37 38 36 37 39 39 35 31 34 39 40 40 40 39 38 37 36 32 28 28 32 35 36 38 38 38 37 35 36 38 40 39 40 38 37 38 39 40 39 37 36 35 37 40 39 39 38 37 39 35 27 18 12 10 12 13 10 7 9 14 16 17 18 20 19 21 23 21 15 19 28 33 35 37 35 33 34 34 34 33 33 32 32 32 30 26 26 30 31 32
39 40 40 39 38 38 38 38 35 37 39 38 34 33 35 39 40 40 39 38 38 38 36 32 29 31 34 36 37 38 38 37 37 36 38 39 40 40 40 38 35 37 39 40 40 37 38 39 38 39 38 38 39 37 37 33 24 15 9 8 10 13 13 12 13 17 17 15 15 16 19 22 22 21 18 23 31 36 38 38 36 33 32 32 34 33 32 32 32 32 30 28 28 30 32 33
39 40 39 39 39 38 38 37 35 36 39 35 35 36 37 39 40 40 39 37 37 38 37 34 32 34 36 36 37 39 38 36 36 38 39 40 39 40 40 38 35 36 38 40 40 37 37 40 39 38 37 38 38 36 35 32 22 13 8 7 8 11 13 14 17 18 17 14 12 13 18 22 19 20 22 27 34 38 38 36 34 31 29 30 34 32 31 32 32 31 30 30 30 31 31 33
38 39 38 38 39 39 39 36 34 36 39 34 34 39 39 39 39 39 39 37 37 38 37 35 35 35 35 34 37 39 39 36 36 37 39 39 39 39 40 39 36 36 38 39 40 37 35 39 40 38 37 38 37 34 33 31 20 14 11 10 8 9 12 15 19 20 19 15 12 11 16 21 19 21 27 32 37 39 38 35 33 31 29 29 32 31 30 31 31 30 30 30 32 32 32 33
38 38 36 36 39 40 39 36 34 35 39 35 34 38 39 39 39 37 37 36 36 35 33 35 37 37 34 33 35 37 37 37 37 37 37 39 39 39 40 39 37 37 39 38 39 38 36 37 39 39 37 39 37 34 32 28 19 13 14 14 9 7 9 14 19 21 20 17 13 12 16 18 19 25 32 37 39 40 38 35 33 31 30 30 32 32 29 29 29 29 30 31 32 32 32 33
38 36 34 34 39 40 40 38 37 36 38 38 36 37 38 39 38 36 34 34 36 33 29 32 38 37 35 33 33 33 34 36 37 35 35 38 40 40 40 39 38 37 37 38 39 39 38 37 38 38 38 39 37 34 31 25 16 12 15 15 10 5 7 12 17 20 21 18 14 14 17 16 18 27 35 39 41 40 38 35 33 32 30 30 32 32 29 28 28 29 30 32 32 32 33 33
36 35 34 36 38 40 40 40 39 38 38 39 39 38 39 39 37 37 32 31 35 32 27 29 37 37 36 35 33 32 33 35 37 34 34 38 40 40 40 40 38 36 36 37 39 40 39 39 38 36 38 40 38 34 28 20 13 10 14 14 10 5 8 13 15 19 20 17 14 14 16 14 17 29 37 40 41 41 38 35 34 34 31 31 31 33 30 27 27 29 31 31 32 32 32 33
35 34 34 38 38 39 40 40 38 38 39 40 40 39 39 39 38 38 34 30 35 33 29 28 35 36 37 38 35 33 33 36 38 35 35 38 41 41 41 40 39 37 36 37 40 40 40 40 39 37 38 39 39 34 25 16 11 12 14 13 9 6 11 16 17 19 19 16 11 13 15 14 18 31 38 41 41 41 38 34 34 34 33 31 29 31 31 29 29 30 31 31 32 32 33 33
35 35 35 38 39 39 40 40 38 38 40 40 41 40 39 39 39 39 37 33 36 35 32 29 33 34 37 39 38 36 36 37 39 36 34 38 41 41 41 41 40 39 37 38 40 40 40 40 40 38 37 36 35 29 21 14 11 15 15 11 7 8 15 21 20 20 18 13 10 13 14 14 22 33 40 41 41 40 37 34 34 34 34 32 26 25 29 31 32 32 31 32 32 33 33 34
37 36 36 38 39 39 40 40 39 39 41 41 40 39 40 40 40 40 39 38 39 37 34 31 30 32 37 40 39 38 38 38 39 37 33 36 40 41 41 39 39 39 39 39 39 40 40 40 40 40 38 31 28 23 18 15 12 13 14 8 5 9 18 24 21 19 16 10 10 13 14 16 26 36 40 41 41 40 37 34 33 33 34 33 24 20 27 29 31 33 32 33 33 34 34 34
