Heavy_metals_comparison/usgrids5km/gcarb.asc
ncols 940
nrows 592
xllcorner -2405000
yllcorner 260000
cellsize 5000.00
nodata_value -32767
[rows 0 to 48 of 592, columns 480 to 575 of 940]
30 29 31 32 30 24 18 15 15 16 22 23 19 21 29 29 31 30 29 29 31 32 33 32 31 30 29 24 23 29 32 30 27 25 27 26 24 24 25 24 23 19 17 21 26 26 23 25 30 30 31 32 33 33 33 29 31 22 19 31 31 31 32 33 31 29 27 29 31 29 24 19 14 8 6 5 11 17 22 30 33 33 32 29 26 29 33 32 30 30 31 32 31 29 26 26
27 26 30 32 29 26 24 21 15 19 27 26 19 19 29 32 32 32 32 32 33 33 33 31 28 29 32 30 29 32 33 31 26 21 20 19 19 21 25 28 26 22 21 25 28 26 23 26 30 31 32 33 33 32 33 31 32 27 25 32 33 30 30 32 32 29 25 26 30 30 23 14 6 3 2 3 11 20 26 30 33 32 31 27 26 31 33 33 30 27 28 31 32 30 26 26
26 25 26 28 28 26 25 21 14 22 30 29 24 23 30 33 33 33 32 33 33 33 33 32 30 31 32 29 29 29 31 32 27 20 17 20 21 24 28 29 26 26 28 30 31 31 30 31 30 32 33 33 32 29 33 33 33 32 32 32 32 29 28 31 33 30 25 24 28 29 24 19 16 13 9 9 12 16 22 30 32 29 29 27 28 32 33 33 31 26 25 31 32 29 27 28
26 25 23 25 26 26 23 17 15 24 31 31 29 29 31 33 33 32 32 32 32 33 33 33 33 33 32 27 27 25 28 32 28 21 18 24 26 28 31 30 28 30 30 31 32 33 34 33 31 30 32 32 31 31 33 30 30 29 28 30 29 28 27 30 33 30 26 23 26 27 26 28 30 28 19 17 17 16 20 30 31 27 27 28 30 33 33 33 28 26 29 32 32 28 29 31
27 26 26 27 28 28 25 20 20 26 30 31 32 32 32 32 30 30 31 28 27 34 34 31 29 32 33 29 21 22 28 31 27 23 24 29 30 30 31 32 32 32 28 27 30 33 33 32 31 29 30 32 29 33 33 28 27 26 21 22 23 25 26 29 32 30 26 23 27 27 25 27 31 31 27 27 27 25 25 29 29 26 26 29 32 33 33 32 26 27 34 33 32 29 30 32
29 29 31 31 31 30 28 25 27 29 29 30 32 33 32 31 27 28 29 25 24 29 30 27 27 30 32 31 21 23 29 31 27 26 28 32 32 31 31 33 33 33 29 26 27 29 26 27 31 31 32 32 31 33 33 30 30 27 17 8 15 19 24 29 30 29 26 25 29 29 26 25 29 30 31 32 31 30 29 30 30 27 27 30 32 33 33 33 30 30 34 33 33 32 31 31
30 31 32 32 32 32 30 29 31 32 30 27 27 31 31 28 24 27 28 23 25 14 15 22 27 29 30 32 29 29 32 32 31 29 30 30 31 32 32 33 33 33 31 27 25 25 19 23 30 33 33 33 33 32 32 32 31 27 15 5 17 23 27 30 28 26 28 29 31 31 29 28 29 30 31 29 27 27 29 32 32 29 29 31 30 32 33 33 33 33 33 33 33 33 32 30
31 32 32 32 32 31 30 31 33 33 30 25 24 30 31 27 24 27 25 18 21 6 8 18 27 30 30 32 33 33 33 33 32 31 32 31 32 33 33 33 33 33 32 28 27 29 26 26 30 33 33 33 33 29 31 32 30 25 15 13 28 32 32 31 25 22 29 32 32 32 32 31 30 31 30 27 25 26 30 33 32 30 30 31 27 32 33 33 33 33 33 33 33 33 31 28
32 33 33 32 29 25 26 32 33 33 30 25 25 31 32 29 28 27 20 10 12 9 12 18 25 30 32 31 32 33 32 31 31 32 32 32 32 32 33 33 33 33 32 29 29 32 33 29 30 32 32 32 32 28 29 30 29 24 15 20 30 30 28 28 22 21 28 32 31 31 31 30 31 31 30 28 27 27 31 32 29 28 31 30 27 32 33 33 32 30 31 33 33 33 32 30
33 33 33 32 26 20 23 31 33 33 31 28 29 32 33 30 30 28 19 8 8 11 15 17 20 28 31 31 32 29 27 28 29 30 31 29 27 26 29 31 31 32 31 31 31 30 31 28 30 30 29 29 30 26 26 28 29 25 15 23 29 24 23 26 20 21 26 30 31 30 28 27 29 30 30 30 28 29 31 29 25 25 27 27 30 32 33 33 31 26 28 32 33 33 33 32
32 33 33 32 25 18 22 31 33 33 32 32 32 32 33 31 29 29 23 12 9 12 18 16 17 25 27 31 31 25 22 24 27 26 27 24 21 20 25 29 30 31 32 32 31 28 28 28 27 25 24 23 25 23 25 29 30 26 14 19 27 26 25 26 22 22 24 28 31 30 25 23 25 27 30 31 30 31 32 27 23 23 24 25 31 32 32 33 31 27 28 32 33 33 33 32
32 33 33 31 26 22 25 31 31 31 32 33 33 33 33 31 30 29 24 20 19 18 23 22 22 27 26 28 31 27 23 24 26 21 16 16 17 19 24 28 30 32 32 32 30 28 26 29 24 18 18 16 17 17 24 30 31 27 14 13 22 28 29 28 26 24 24 27 29 28 24 23 24 27 30 31 30 31 32 30 25 23 26 26 29 30 31 33 32 31 31 32 33 33 33 32
33 33 32 30 29 28 29 30 29 29 30 32 33 33 33 30 31 28 24 28 30 26 28 29 28 29 25 25 28 28 25 25 27 19 11 14 19 22 25 29 31 31 32 31 28 25 25 30 24 17 14 9 10 9 17 24 26 26 18 9 15 26 30 29 29 27 27 27 26 25 24 26 26 28 29 29 29 30 32 32 29 25 27 27 28 27 29 33 33 33 32 32 32 33 33 32
33 33 32 30 29 29 29 29 28 28 29 31 32 32 32 24 26 26 23 28 32 30 26 25 28 28 24 21 19 23 26 26 27 23 18 22 27 28 29 30 30 30 31 30 25 20 25 30 26 19 12 6 6 3 10 18 21 23 18 8 11 21 27 27 29 29 27 26 25 25 25 24 23 26 28 27 27 28 31 32 31 27 26 27 28 25 28 33 33 33 33 31 31 32 33 33
32 33 32 30 28 28 29 29 28 29 29 30 32 32 31 20 21 23 20 25 29 30 24 22 25 25 23 18 15 20 25 23 24 26 24 26 29 29 28 27 26 28 31 30 25 23 27 26 24 21 15 9 8 4 7 13 18 18 10 11 14 18 21 21 27 29 26 24 25 26 27 23 22 26 27 25 25 26 29 30 30 27 22 23 26 27 29 33 32 33 33 29 28 31 32 33
32 33 31 30 29 30 30 29 30 31 30 30 32 32 30 24 23 20 15 19 23 26 26 25 23 21 22 17 16 21 21 17 18 27 25 24 24 23 22 20 18 23 30 30 26 28 28 22 20 22 20 16 13 8 8 12 17 17 9 16 19 15 16 17 25 26 21 20 24 29 30 28 28 28 27 24 23 23 24 25 27 25 18 18 24 30 32 32 31 32 32 29 27 31 32 33
30 32 30 29 29 31 31 30 31 31 30 31 32 32 30 29 27 21 14 16 19 23 27 27 23 20 24 19 20 23 21 15 16 27 28 25 21 15 11 10 9 16 26 29 25 26 21 16 17 21 24 23 18 15 13 14 18 21 18 23 22 16 14 16 23 22 17 16 23 30 32 32 32 31 27 23 19 18 16 17 21 24 16 17 22 28 31 30 28 31 32 31 30 32 31 32
23 29 29 27 26 29 31 31 32 28 28 30 32 32 32 32 31 27 22 19 18 24 27 27 25 24 28 24 23 25 23 17 17 26 30 29 21 10 2 2 2 10 22 27 24 24 15 12 15 20 26 27 22 19 18 16 16 23 24 26 25 21 19 18 18 17 17 19 23 30 30 31 32 30 26 21 13 11 9 9 15 23 16 18 22 26 30 30 29 31 32 31 30 32 31 32
17 25 26 24 24 28 31 32 31 26 26 29 30 29 32 32 32 31 27 22 21 25 25 24 25 28 29 25 22 23 23 18 16 23 29 31 25 15 5 3 4 12 20 21 23 25 17 12 14 19 24 27 24 21 21 18 13 23 28 28 27 27 28 22 15 14 19 22 23 27 27 29 29 26 20 15 9 8 9 12 15 17 14 21 27 28 31 32 32 31 32 31 28 31 31 32
12 19 22 22 24 29 32 32 29 25 25 26 26 25 29 29 30 30 26 23 25 27 22 20 25 30 27 24 20 19 20 18 15 20 26 30 29 23 13 8 10 16 21 19 22 26 20 14 14 18 23 27 26 25 23 19 15 24 30 31 30 31 31 27 21 21 23 24 22 23 24 26 24 19 13 9 8 9 14 19 19 14 12 21 28 28 30 33 33 32 32 32 29 30 30 32
14 17 22 24 25 28 32 32 28 24 24 24 23 22 26 25 27 26 22 22 27 28 23 22 27 28 22 21 17 16 16 14 17 22 25 25 27 29 23 16 15 22 27 25 24 26 24 20 17 18 24 28 29 28 24 20 22 27 31 32 33 33 32 31 28 28 28 26 21 20 18 18 17 15 15 14 15 16 18 22 24 17 10 16 24 25 29 31 33 32 31 33 32 29 30 30
20 19 25 27 26 27 31 30 27 23 23 23 21 22 24 22 23 22 18 21 27 29 27 26 28 24 16 18 16 15 15 12 19 24 22 20 25 32 30 23 21 25 30 29 27 28 28 25 22 21 23 27 29 29 26 23 27 30 32 33 33 33 33 32 31 31 30 27 22 18 13 10 -32767 15 20 22 23 21 21 24 28 21 12 15 22 23 29 30 30 30 30 32 32 30 29 28
27 25 28 29 26 25 29 30 27 21 20 22 24 26 26 21 21 22 19 22 28 30 29 27 25 21 20 16 17 19 20 19 22 20 16 18 26 33 33 29 27 26 28 28 29 30 30 28 25 24 21 25 28 29 28 26 31 33 32 32 32 32 32 32 32 31 29 27 24 18 12 10 13 17 20 20 20 21 22 25 27 23 18 19 24 23 31 30 28 27 28 30 29 29 27 26
33 32 31 30 26 24 25 29 27 19 17 21 28 30 28 20 20 23 21 24 29 31 30 27 22 22 24 16 18 25 26 27 26 19 13 17 26 31 32 31 30 28 26 27 28 30 30 27 24 23 20 24 28 29 28 27 31 32 31 30 30 30 32 31 30 28 26 27 26 19 13 14 19 21 18 17 16 18 22 25 26 24 23 24 26 23 31 30 28 27 27 28 26 25 25 25
34 33 32 31 27 21 19 25 25 22 21 24 29 29 26 19 21 24 24 28 31 32 29 25 24 26 25 19 22 29 31 30 28 21 17 19 26 30 29 29 30 29 26 25 26 27 27 25 22 21 20 23 27 29 28 28 31 30 29 29 28 29 31 32 30 26 23 27 26 18 13 16 21 20 15 15 15 16 21 24 27 25 25 29 28 22 30 30 28 26 26 27 23 23 25 26
33 33 32 32 28 20 15 21 24 23 24 25 28 29 25 20 23 26 26 31 33 32 28 25 27 30 25 20 23 29 31 30 29 24 22 23 24 26 26 27 29 29 27 25 23 25 25 24 23 21 21 23 26 30 31 29 30 28 28 28 26 29 31 32 30 25 22 27 27 19 15 19 23 20 16 18 17 16 21 24 28 27 27 29 29 26 30 30 29 27 25 24 23 24 26 27
33 33 33 33 30 24 18 21 22 21 20 22 25 29 28 24 26 30 29 32 33 31 28 27 29 30 24 21 23 25 27 26 27 27 28 26 20 21 23 25 28 28 27 26 23 24 25 25 25 23 24 25 27 30 32 30 30 27 27 29 27 27 28 30 30 26 26 29 29 22 19 22 26 23 23 24 22 19 22 25 29 28 27 28 28 30 30 30 29 26 21 22 23 25 26 24
33 33 33 33 32 27 23 23 23 20 19 21 25 30 30 26 27 31 30 31 32 29 26 26 27 29 25 21 19 19 20 23 26 28 30 27 18 19 24 27 27 27 27 29 28 27 28 28 28 27 28 30 30 30 30 30 30 27 27 30 28 25 25 29 29 28 30 31 30 26 23 24 26 25 28 28 25 24 26 26 29 27 24 26 29 32 30 30 30 24 15 19 24 27 25 20
32 32 33 33 31 28 27 28 26 22 21 23 27 30 29 25 24 28 31 31 32 26 21 20 23 27 25 19 15 13 15 21 26 29 30 26 18 19 25 28 27 25 25 28 31 31 31 30 30 30 32 33 31 27 25 27 29 27 26 28 25 21 24 28 28 27 31 32 31 29 27 25 23 25 29 29 26 28 30 28 27 23 21 23 27 32 30 29 28 24 14 19 24 26 23 18
30 31 32 32 30 27 27 29 26 22 22 25 29 29 28 24 23 27 31 31 31 25 18 15 19 24 25 20 15 13 15 22 27 30 30 25 18 20 24 28 27 23 21 22 27 31 31 29 29 31 32 33 30 24 21 22 26 26 25 24 20 19 25 29 27 26 32 32 31 30 30 26 23 25 29 29 28 30 31 30 24 19 18 20 22 29 30 27 24 24 16 22 26 25 21 18
28 29 31 31 28 25 24 25 24 22 22 26 29 28 27 24 23 26 29 31 30 24 17 14 18 22 23 21 19 16 17 23 26 29 28 23 19 21 23 26 26 22 18 15 20 27 28 25 29 31 31 31 28 23 21 22 26 25 22 22 19 21 27 29 27 28 32 32 30 30 30 28 25 25 28 30 30 31 32 30 22 16 18 20 18 26 30 27 23 25 20 24 28 26 22 20
27 28 30 30 28 24 22 22 22 22 24 26 28 28 28 26 26 28 30 31 30 26 21 18 18 21 20 21 22 20 22 23 23 24 23 20 20 21 21 23 24 22 17 11 13 20 21 18 27 30 29 28 26 23 23 25 26 22 19 20 17 24 30 30 28 29 30 30 30 30 30 29 24 23 25 29 31 31 32 29 19 -32767 21 22 16 23 29 27 25 26 24 26 28 26 23 23
27 28 29 28 26 23 20 20 22 24 25 26 27 28 30 29 30 31 31 32 31 29 27 25 20 20 18 21 25 24 25 20 19 19 18 17 20 21 21 21 21 22 19 12 13 17 13 13 26 28 28 26 25 25 26 27 26 19 14 15 15 25 31 30 29 29 28 28 29 31 31 28 23 21 23 28 31 31 32 27 19 18 25 25 16 23 29 27 28 29 28 28 26 23 25 27
25 27 28 26 23 20 20 20 23 24 24 25 28 30 32 30 30 33 32 32 33 31 31 30 23 19 18 22 26 25 25 16 15 16 16 17 20 20 22 20 18 21 22 18 17 17 7 9 23 25 25 23 23 27 28 27 24 17 10 10 14 24 31 31 30 30 27 26 27 29 30 28 24 22 24 28 29 30 31 26 22 23 28 27 18 24 30 27 31 32 31 30 25 21 26 28
22 24 24 21 19 18 20 22 24 24 24 24 28 32 33 28 28 31 28 29 31 29 30 31 25 19 19 23 25 24 23 12 13 17 18 19 20 19 21 20 17 20 24 24 21 17 8 7 17 18 18 16 16 24 26 22 20 16 7 7 14 22 29 32 32 30 27 25 26 28 29 28 25 24 25 29 29 29 30 27 25 28 29 26 21 25 31 29 31 32 33 31 25 21 26 26
16 15 16 15 17 20 23 22 24 26 26 25 27 31 31 24 22 25 19 23 22 20 23 27 23 20 19 23 24 21 20 11 14 20 23 23 21 19 21 21 19 19 25 29 24 17 13 7 10 11 11 9 10 20 23 17 18 17 6 8 15 19 24 30 32 30 28 26 26 27 29 30 28 26 27 30 30 29 29 28 29 31 30 24 21 25 30 31 28 30 32 31 27 24 27 27
10 8 9 11 17 23 26 22 22 27 29 26 24 28 27 18 16 18 9 18 14 12 16 20 18 19 19 23 24 19 18 14 17 23 26 26 24 21 22 24 23 21 24 29 26 20 17 12 7 6 5 6 10 13 18 17 20 20 8 12 18 18 20 27 31 29 28 27 26 28 28 30 30 28 28 30 31 29 29 30 31 33 32 25 19 20 26 30 22 25 29 29 29 29 30 29
7 7 9 12 19 27 28 19 20 27 29 24 21 22 18 12 10 10 3 13 12 10 11 12 13 17 18 23 24 18 19 19 22 25 27 28 27 25 25 27 27 23 24 28 27 23 21 19 10 8 7 9 14 12 16 17 21 22 11 16 21 20 21 27 29 27 27 26 26 28 29 31 30 29 29 30 31 28 28 31 32 32 32 24 16 16 22 28 20 22 27 28 29 30 30 30
8 10 10 14 21 27 26 16 16 24 26 22 17 17 12 9 8 8 7 14 16 16 14 10 10 15 18 21 22 18 22 24 26 27 27 25 25 27 27 27 27 24 24 26 25 23 23 25 19 16 16 18 21 17 20 19 20 21 16 19 24 24 24 27 27 26 26 26 26 28 30 31 31 30 30 30 29 25 24 27 31 28 26 17 14 17 21 24 22 21 25 28 28 29 29 30
13 15 13 16 21 23 20 14 14 18 21 18 14 14 10 10 10 11 17 18 22 25 21 14 10 14 18 20 19 17 26 30 29 28 26 22 22 28 29 27 27 26 26 26 25 25 26 29 27 24 24 26 26 21 24 22 18 19 20 19 24 27 27 27 27 26 27 27 27 29 30 32 32 32 32 31 25 20 19 22 28 24 19 13 14 19 20 24 25 23 21 24 28 29 30 31
13 15 14 16 20 19 15 15 14 14 13 13 15 17 14 13 13 14 20 16 19 25 26 20 15 16 19 20 17 17 29 32 30 28 27 22 21 27 29 28 29 29 30 28 27 28 30 32 31 29 29 30 29 23 25 23 16 17 25 18 21 26 27 28 27 26 28 28 28 28 30 32 33 33 33 32 23 16 15 20 25 20 16 14 16 19 21 27 30 25 19 20 27 30 31 32
9 11 13 16 18 16 14 17 16 11 7 9 17 23 20 17 17 16 19 12 13 21 28 27 22 20 22 22 18 18 31 34 31 29 27 22 21 24 26 28 30 31 31 30 29 30 31 31 30 29 29 32 32 25 22 17 12 17 28 16 13 17 21 27 26 25 28 30 28 28 29 32 33 32 32 32 23 15 15 20 24 19 16 16 17 16 22 29 32 28 21 19 23 29 32 30
7 10 11 14 15 15 14 17 15 10 8 14 21 25 20 16 17 18 17 9 13 23 30 30 27 26 25 23 21 20 31 35 33 31 29 23 20 18 19 23 29 30 30 29 29 29 29 28 27 26 26 30 32 27 18 11 10 17 29 17 10 12 18 28 26 24 27 30 28 26 27 29 28 25 25 26 23 19 18 20 24 22 18 17 16 12 24 30 32 29 24 22 21 28 31 28
7 9 10 11 13 14 15 17 15 10 12 20 24 25 18 14 15 19 18 8 12 23 29 30 31 32 29 26 25 24 32 35 34 33 31 25 19 15 14 19 28 28 28 28 26 25 23 23 25 23 21 25 29 27 19 15 15 17 25 22 19 18 19 31 28 26 26 27 26 25 25 25 22 17 17 20 22 23 22 21 24 21 18 17 15 11 22 28 28 25 25 25 27 29 28 25
10 8 9 10 12 14 14 15 15 13 15 22 26 25 17 13 15 19 23 12 8 14 23 30 34 35 33 31 30 30 34 35 34 33 34 28 21 14 12 17 25 25 27 24 22 21 17 19 23 21 17 20 26 25 22 20 19 18 24 27 28 26 24 32 29 26 24 23 24 23 24 22 16 12 15 20 23 26 26 23 22 17 15 16 16 13 19 24 24 22 26 28 30 29 27 26
14 7 8 11 14 15 14 14 16 16 18 22 27 25 18 14 14 18 25 17 8 8 16 25 32 33 32 31 33 34 35 34 32 32 33 30 24 17 15 17 20 21 21 19 18 20 16 16 21 24 23 23 26 23 24 24 19 20 26 31 33 31 31 31 29 25 21 20 24 23 23 21 15 11 14 19 22 25 27 26 24 18 14 15 19 17 20 23 23 25 29 29 28 27 28 30
17 8 9 13 16 17 16 16 18 18 18 21 26 28 22 16 15 17 21 22 14 9 13 16 25 27 25 27 32 35 33 32 31 30 29 29 27 24 20 19 15 16 15 13 14 19 15 14 18 24 28 27 25 20 23 25 17 21 25 30 32 30 30 26 23 21 20 22 26 25 22 21 21 17 15 17 19 21 25 28 29 22 16 16 22 21 23 24 25 28 31 30 27 25 27 31
17 8 9 15 19 20 19 19 20 21 20 20 23 28 25 20 17 19 21 23 17 11 10 12 19 22 23 27 33 34 32 32 32 28 25 28 29 26 23 20 19 16 12 10 12 15 12 10 12 20 28 26 22 16 19 23 17 21 21 25 29 27 26 19 16 17 20 24 30 27 23 24 26 23 17 17 19 21 23 27 27 21 17 19 21 24 27 29 29 29 32 31 28 25 25 30
13 7 8 15 21 23 21 21 22 24 24 20 18 24 27 23 20 22 24 20 16 12 8 12 16 21 26 31 34 32 31 33 33 27 23 27 30 28 24 21 23 18 11 8 11 14 12 9 9 15 24 21 16 16 21 24 21 24 20 19 24 28 27 19 15 17 21 26 33 30 26 26 28 26 21 18 21 24 22 25 24 19 19 23 21 25 29 30 28 28 30 29 27 25 25 28
