Heavy_metals_comparison/usgrids5km/sdroads.asc
NCOLS 940
NROWS 592
XLLCORNER -2405000.000000
YLLCORNER 260000.000000
CELLSIZE 5000.000000
NODATA_VALUE -1.000000
[rows 255 to 305 of 592, columns 480 to 575 of 940]
4919 5107 5274 15466 0 0 0 10356 5071 0 0 5004 0 0 0 0 0 5364 0 0 5008 0 0 0 5410 4200 5575 10040 5042 5072 5389 1428 0 0 8796 1349 0 0 0 0 0 0 10591 2708 5317 7035 12016 5940 5162 5358 7235 7642 10444 5010 6987 3036 0 0 5034 0 0 0 1291 5090 9973 5518 4132 0 0 0 4345 11727 10829 5503 0 2577 1713 5387 17406 10772 8367 8656 6507 9059 5005 4786 9220 10155 0 0 0 5005 0 616 13870 5240
0 0 0 11526 5000 8018 0 8425 7274 0 0 8775 5000 5000 5193 5199 7334 7041 0 0 5347 0 0 0 5352 0 0 5000 0 0 0 0 0 0 10136 0 0 0 0 0 0 7823 8275 4733 0 5216 5341 0 0 0 6906 0 4141 2487 0 5538 0 0 5281 0 0 0 0 0 5121 0 0 0 4953 5407 4126 0 0 330 6319 11220 8996 14666 6711 9009 2604 0 0 5005 0 0 7274 3102 0 0 0 5691 0 0 5004 4017
1796 5004 5001 15786 5699 9474 6517 10178 12581 5484 5001 6291 0 0 0 0 5467 2981 6609 5987 5232 0 0 3923 1626 0 0 5000 0 0 0 0 0 0 10120 0 0 0 0 4636 5655 14176 2999 0 0 7959 2948 0 0 4904 349 0 6889 334 0 5291 0 0 5011 0 0 0 0 0 5016 0 0 6513 463 0 0 0 0 0 0 5302 0 5296 5000 0 0 0 0 5005 0 0 11183 0 0 0 0 5009 0 0 5622 2544
5175 0 0 5007 5121 0 5002 2402 6864 2583 0 5884 0 0 0 0 6633 5237 5000 10000 5000 5000 5000 7381 0 0 0 5286 0 0 0 0 0 0 10069 0 0 419 7427 1130 0 6500 3604 0 0 10108 0 0 0 5254 0 1603 3828 0 0 2796 3992 0 5073 0 0 0 0 0 5002 1099 6414 968 0 0 0 0 0 0 0 5875 4336 785 5000 0 0 0 0 8106 631 0 11364 0 0 3263 5027 6078 4927 0 5204 4019
0 0 0 7607 2514 0 5002 0 4201 7725 0 7666 5000 5000 5001 5001 8932 0 0 5000 0 0 0 5003 0 0 0 5251 0 0 0 0 0 0 10109 0 0 6311 0 0 0 10342 896 0 0 10169 0 0 0 5312 0 456 10755 5010 3728 0 5360 0 5144 0 0 0 0 0 5640 6097 0 0 0 0 0 0 0 0 0 336 10295 0 5005 0 0 0 0 0 9084 7285 9008 5070 5003 6301 0 0 5002 1767 8884 4534
0 0 0 7091 3701 0 5002 0 0 8270 4821 5001 0 0 0 0 6044 0 0 2023 3075 0 0 5364 0 0 0 5004 5450 5077 5068 5185 5030 6226 15025 8298 5166 1986 0 0 0 10111 0 0 0 10198 0 0 0 5173 4888 5610 5701 0 6820 5728 7545 5557 8771 0 0 0 0 2235 8691 5236 0 0 0 0 0 0 0 0 0 0 10077 0 1687 3318 0 0 0 0 5005 5479 0 0 0 5111 0 0 7734 5880 0 6008
0 0 0 6692 9765 6440 7850 0 0 0 9312 10507 0 0 0 0 5001 0 0 0 5008 0 0 4628 6742 10264 5000 5127 796 0 0 0 0 5524 10530 7058 746 0 0 0 0 10070 0 0 0 10127 0 0 0 11969 767 0 5489 0 882 5744 0 0 5711 5002 5064 2552 0 7286 5236 10126 5002 5301 3919 0 0 0 0 0 3848 5121 12896 0 0 5360 0 5235 5003 5003 9833 5123 0 0 0 5130 0 0 11922 1345 0 11348
6316 5000 5000 8187 0 5792 5000 0 0 0 0 11619 14009 1129 0 0 5000 0 0 0 5000 0 0 0 0 5246 0 0 0 0 0 0 0 5119 10590 0 8384 5052 3944 1291 0 10387 0 0 0 11080 0 3836 5561 4835 0 0 4945 290 0 5861 5234 6071 12112 2111 0 4150 11638 4779 0 5003 0 0 1467 5326 5328 3672 1943 7114 1391 0 10299 0 0 8633 5007 3899 0 0 6510 3927 0 0 0 5008 0 4171 960 5284 2931 10968
4811 5421 6056 11303 6921 7887 12518 6858 0 0 0 0 6355 13537 5309 6879 4751 0 0 0 5000 0 0 0 0 5001 0 0 0 0 0 0 3837 6737 5575 0 879 0 1326 6607 0 10019 0 535 7739 10500 9367 1697 1241 3936 0 0 0 5266 2198 9347 238 0 5597 4752 2766 6194 0 0 0 5001 0 0 0 0 0 1654 10098 0 0 0 5269 4873 0 5215 0 0 8113 10762 10352 7961 5355 1797 0 5008 0 6505 5110 5241 9793 13909
5107 0 0 4351 4617 7453 2234 10971 0 0 0 0 300 5153 11656 8105 0 0 0 0 5000 0 0 0 0 5003 0 0 0 0 0 0 5174 5535 5113 0 0 0 4415 8237 5454 15797 5003 5331 5512 0 5040 0 3320 1752 0 0 0 5652 6375 5210 0 0 5005 0 15175 5002 1427 0 2712 10003 2421 0 0 0 0 0 1051 8731 0 0 5812 5422 909 8355 11664 10679 2927 0 0 0 0 4153 5052 11807 5274 2512 0 0 5120 11480
9076 5196 5000 7253 8045 5431 8503 19654 13130 10211 13855 10679 10791 15294 1941 11456 199 0 0 3845 7222 5981 5000 5191 5038 9580 0 0 0 0 0 0 5379 5011 4975 361 0 0 7559 5694 815 10291 0 0 5216 0 5058 0 5417 0 0 0 0 8384 0 5896 5003 5135 15315 10349 7364 0 4162 5002 2302 5002 4455 9797 5549 5002 5001 5252 4181 1833 5748 0 5019 5375 10010 5669 7548 0 0 0 0 0 0 0 0 6080 6874 220 0 0 5189 7026
5120 0 0 0 6222 0 0 5124 5568 0 843 5156 5896 24 6110 6103 6027 2408 0 5032 0 0 0 1296 5001 9072 0 0 0 0 0 0 5089 5033 0 6130 0 2370 9789 6172 5106 1355 6719 0 5525 0 5239 0 6479 0 0 0 4881 9138 1545 5789 0 4943 6617 0 5004 0 0 0 0 5002 0 5549 0 0 0 0 0 0 1146 5475 10184 5616 22966 5003 10055 5003 5005 6974 0 0 0 0 0 5509 0 6308 0 0 5273 0
9423 3859 0 0 5000 0 0 0 10939 1710 0 0 1324 5798 2637 4630 5146 7957 9672 6810 10712 0 0 5714 0 5003 0 0 0 0 0 0 10049 798 0 6842 5345 5384 6237 4139 0 0 5001 4184 1101 0 5001 0 5386 0 0 0 5000 0 5008 5684 4650 3508 5381 0 5024 0 0 0 3144 6605 0 1028 6193 0 0 0 0 0 0 0 5007 8743 5500 6724 5793 0 0 1565 6681 0 0 0 0 5147 0 1642 11171 5222 5743 0
5000 0 0 3738 13264 11947 6450 5473 7666 5000 0 0 0 1629 4697 3822 5340 5104 5116 9549 7669 4282 2981 3602 0 7043 5088 5000 5616 5036 5522 5173 15356 5873 5324 7763 0 0 10732 0 0 0 5002 5360 0 0 5002 0 5046 0 0 0 5344 0 5062 6308 8134 0 5350 0 5069 0 0 0 5275 16 0 0 5119 0 0 0 0 0 0 0 5868 6406 5367 6717 8026 0 0 0 155 5980 5143 5062 5000 5718 9804 5265 73 6707 8683 5596
8703 3747 5698 1927 5002 0 2088 5001 13439 10001 5000 5000 5014 6335 9831 0 0 0 0 4566 11507 10469 4141 0 0 5000 0 0 5001 0 0 6872 6830 0 0 5063 0 0 10335 5568 5051 3483 5163 5278 0 0 5002 0 5390 0 0 0 5003 1514 10861 790 5000 0 5464 0 5195 0 0 0 6648 564 0 0 5129 0 0 0 0 0 0 0 11542 0 5782 0 13123 2759 0 0 0 0 0 0 0 0 5698 0 4991 14795 5210 5289
13596 6651 5000 5000 5869 9249 3086 0 7553 10876 5137 4127 0 5000 18 6327 0 0 0 0 14902 15289 0 0 0 5785 0 0 5001 0 0 10827 0 0 0 6269 0 5344 679 0 0 2435 14637 326 623 5005 9601 5004 10011 8781 15386 10328 6864 15423 6521 8966 15924 9127 9378 3934 5267 2066 5002 5003 8108 0 0 0 5008 0 0 0 0 0 0 4715 2328 8527 5760 8805 13926 13836 17991 7436 15533 12261 5402 5101 5307 5010 10591 5906 4007 5075 0 6822
5099 0 0 0 0 5000 0 0 9416 1307 0 1529 5313 12046 6933 8970 15786 10533 12109 4284 20631 11463 0 0 425 9701 5000 5000 10035 5048 8165 12433 5002 5016 4356 1538 1315 4300 0 541 5006 6688 15912 10776 9615 1897 0 0 5180 5260 5493 5033 10082 10862 5010 7579 0 6117 6893 10910 13022 10393 5164 5001 12203 10325 10329 10338 6785 0 0 0 0 0 1406 10890 5437 14093 12352 19364 15234 5013 5004 13472 0 6072 10802 5015 5014 8937 7304 5023 5023 10115 5000 8884
7181 0 0 0 0 5000 0 0 10337 5045 2946 0 0 7502 5000 7966 0 0 401 6346 23092 21179 6175 6505 7886 0 0 0 5000 0 5008 5048 0 0 10210 5002 10197 5002 5006 4465 0 5962 7575 0 0 3953 5299 3270 11028 0 5000 415 11982 0 0 6302 0 5440 0 7357 0 5012 0 0 5003 0 0 0 14108 10343 10296 10256 10092 16570 15910 5267 6187 0 5145 0 4630 10874 0 1646 5041 0 463 5693 2359 9817 5549 7156 5415 6141 5026 8568
5002 0 0 0 0 5000 0 0 1025 3977 5558 6412 5748 6856 0 5003 0 0 0 10170 2056 5001 4599 9806 0 0 0 0 5000 0 9316 795 0 0 6124 0 5512 0 0 150 6661 800 546 6453 0 0 4818 13512 10363 0 6140 6381 5002 0 0 5515 0 5007 0 5167 0 5002 0 0 5003 0 0 0 5004 0 0 4182 5995 7300 0 0 0 0 1295 3978 0 2675 11552 0 2778 3481 0 4230 6048 429 0 4872 2379 0 0 5007
7680 5526 5488 5182 5163 7638 5000 5000 5000 10001 5523 14204 1816 0 0 5210 0 464 11719 5287 0 5003 0 1798 5943 0 0 0 5000 0 10112 0 0 0 5012 5484 1152 0 1269 6510 0 0 0 5008 0 0 12140 6776 3465 1962 10502 0 5055 0 0 5287 0 5017 1456 5536 0 5075 0 0 7003 3445 0 0 7412 915 0 8926 4904 0 0 0 0 0 4231 8743 0 0 7054 4336 0 4572 2563 6049 0 0 0 0 5014 0 0 3288
5000 0 0 0 0 11131 5003 5442 5005 5229 0 1133 11117 0 0 5001 0 18372 694 0 0 5003 0 0 2059 3861 0 5990 1181 0 10139 0 0 0 5273 5329 2458 5222 5922 0 0 0 0 5008 870 6711 5185 0 7106 11293 2931 0 5000 0 0 5049 0 5192 4331 0 0 5386 0 0 0 5103 0 0 0 6362 11376 7079 0 0 0 0 1468 5909 1884 644 6263 0 6192 9564 573 482 10491 4433 0 0 0 0 5010 0 0 4588
3895 0 0 0 0 5282 0 0 0 7740 5000 2651 10851 10136 11581 21211 14259 13479 5181 5889 5281 11473 5003 5588 5000 10003 5307 3246 5309 8578 11886 0 888 5318 13004 5041 2891 0 0 0 0 0 0 6541 6417 0 5002 2062 10379 5229 0 0 3108 4060 0 6028 0 5227 0 0 0 5204 0 0 0 5423 9151 8552 6901 16942 925 0 0 0 0 2344 5122 0 0 0 1679 5028 0 1128 10476 20861 5052 8190 10273 5171 5054 5324 12851 5060 5404 1062
0 0 0 0 0 5001 0 0 0 0 0 5746 6238 0 5441 264 11438 10648 1679 0 0 5000 0 0 0 5065 0 0 0 8742 6811 637 6252 0 5092 0 0 0 0 0 0 0 5409 9361 0 0 9441 3972 5113 5087 0 0 0 5005 0 5000 0 5000 0 0 0 8712 5575 10129 10557 15334 1645 2141 8584 10336 5015 5030 5004 5293 5296 7413 0 0 0 0 0 4661 828 0 11284 5624 12790 969 1371 4951 0 0 5168 0 0 0
5000 5000 5000 5000 5000 10001 6815 5000 5000 5002 5000 5001 6703 5816 3848 0 5888 6411 12952 0 0 5000 0 0 0 5134 0 0 2405 9439 3666 11586 0 0 5294 0 0 0 0 0 3124 5928 397 5002 0 4037 7645 0 1531 18840 10128 6151 5003 11784 10672 16011 10308 11963 12910 10512 10535 17491 10873 765 0 5000 0 0 0 5123 0 0 0 0 0 5062 0 0 0 0 0 0 7402 11864 4180 0 0 12120 4774 3906 2056 0 5113 0 0 0
0 0 0 0 0 5001 7421 953 0 0 0 0 13626 457 0 0 6785 687 7098 12565 2677 5004 0 0 0 5020 0 0 6365 4034 4903 11799 0 0 4085 1045 0 0 961 5859 2740 0 0 5074 2624 3923 5002 4924 12322 386 185 5211 5203 1824 5000 3168 6562 0 6499 0 0 9544 6855 0 0 6076 0 0 0 5004 0 0 0 0 0 8414 5000 5000 12484 12024 10010 10010 14958 6302 1444 0 0 0 12369 0 5681 4852 8308 7261 5301 5224
0 0 0 0 0 5095 0 5613 2137 0 2696 5876 5574 0 0 0 2988 9152 5487 6865 15189 9352 6218 5766 5000 10001 5001 5000 20330 5250 11196 10083 0 0 0 5333 0 4666 4904 0 0 0 0 16928 9757 5052 6164 6342 2542 0 0 0 0 0 5261 0 5392 7990 912 0 0 995 14983 138 0 5000 0 0 0 6559 5991 0 0 0 0 8115 5947 11713 4243 0 0 0 5049 0 5537 2965 0 0 2638 9243 1845 345 2400 2657 0 0
0 0 0 0 0 5319 0 0 3765 5877 10408 5000 10638 5836 5943 5190 3145 0 4738 19701 16675 1452 8947 3160 0 5000 0 0 15957 11442 12723 6191 6127 5861 371 9400 5572 1193 0 1228 7517 10511 10510 6318 5329 5020 4898 0 0 0 0 0 0 0 5298 0 0 8856 5606 5184 5063 4220 6888 16925 4142 5000 0 0 0 0 5005 0 0 0 0 9353 5182 0 0 0 0 0 6092 0 0 2660 4452 0 0 10614 730 0 1785 3304 0 0
6459 0 0 0 0 5000 0 0 0 6602 0 0 5004 0 0 0 6255 5056 4696 9852 10150 10772 0 11045 10145 15123 10519 9819 16268 4235 0 0 0 2 11452 12639 5001 10095 10985 8962 6914 0 0 5076 0 0 0 0 0 0 0 0 4159 1720 5022 6694 6114 8106 0 0 0 0 0 6480 12283 18081 22806 7496 0 0 4156 1101 0 2111 5879 6524 0 0 0 0 0 4913 1321 0 0 0 5730 0 0 0 10425 0 0 7312 0 0
1215 6427 82 0 0 5000 0 0 2884 7901 5323 5185 7370 0 6688 5275 252 0 0 5000 11588 12206 6401 5438 10093 8078 10407 18433 8987 3732 5070 5121 10194 7962 0 4794 11446 3354 1702 1393 6241 5163 5210 10184 6007 3616 5002 527 0 1771 5575 12377 6252 9246 13138 5569 6223 4859 0 0 0 0 0 5000 0 0 4065 4507 10109 10072 10253 20325 12124 8364 5005 8799 1736 0 0 0 5217 2703 0 0 0 0 735 4673 0 0 10585 0 0 2474 8268 5310
4016 0 6682 710 0 5000 0 0 6450 0 0 0 9884 5244 8549 1022 0 0 0 5001 4333 17000 10879 15059 19299 7195 13351 14201 11917 9174 5543 6523 5998 8136 6652 1165 6222 13931 8568 9151 5031 5075 9108 5896 5130 6665 5492 10021 5436 9169 4064 1442 0 0 0 0 0 6465 771 0 0 0 0 5062 0 330 6488 0 0 0 0 10105 3630 5241 5239 2494 4192 3451 0 7309 1869 0 0 0 0 0 0 5164 0 0 9128 1749 0 0 5065 0
7939 9669 0 6261 1273 5001 0 0 5539 0 0 0 5009 0 0 7961 0 0 0 5000 0 9321 9864 13822 28612 27630 24073 14087 12534 11440 5986 8973 10367 5279 5879 7677 10136 5792 5613 2755 0 0 5002 0 3500 5360 5141 5696 15838 13331 10150 2990 0 0 0 0 0 6304 5468 0 0 0 0 1206 3907 6288 0 0 0 0 0 10357 0 0 0 2752 5944 6461 0 5149 0 0 0 0 0 0 0 5403 0 0 2904 7339 0 0 5119 0
368 7718 12570 11282 16063 12583 5435 12856 2367 0 0 0 5015 0 0 267 9604 5000 5003 11179 13340 15405 16995 28087 42638 38169 29170 23391 12641 149 5052 1830 0 4925 4410 7841 0 0 0 9095 5895 5138 10064 5264 1935 0 0 0 4850 3105 5452 2638 5627 1694 0 0 0 5032 5851 0 0 0 0 0 5005 5141 0 0 0 0 0 10082 0 0 0 0 0 10975 0 5020 0 0 0 0 0 314 5142 10171 5041 5041 5041 13174 0 0 5655 4939
10104 5000 8726 10638 11885 18477 26476 9761 15700 15172 15142 14142 12765 7240 0 1806 7696 5375 10021 6355 21244 20953 13417 10560 32066 7396 25302 10056 21357 9498 2591 0 0 0 0 5193 0 4693 5633 7162 0 0 5002 0 0 0 0 0 0 5020 609 5996 0 5387 0 0 0 5001 275 5556 0 0 0 0 10662 1452 0 0 0 0 0 10129 0 0 0 0 0 6533 10113 4449 0 0 0 0 6285 4829 0 5660 1119 0 0 7095 3313 0 1180 192
0 0 2579 5891 3290 7271 11811 10658 8849 11957 9487 4491 5251 10507 12385 16103 8490 8712 7435 8773 11096 15728 5151 21054 7838 10082 22220 2976 12122 11192 13765 15242 14796 10356 10308 14968 12724 6453 5005 10018 5112 5200 8886 5055 4225 0 0 0 0 5089 0 3204 6084 5022 2523 5067 10192 10644 10444 9069 9948 10242 6460 5122 18350 5002 5009 5019 5003 5008 12670 11007 5066 1444 0 0 0 0 12044 595 0 0 0 0 5001 0 0 0 5066 0 0 6091 8744 0 0 0
5556 5005 6566 0 0 3374 17850 0 0 0 886 9452 10006 14448 20592 5853 7246 11348 15344 14172 8412 8514 8995 14528 0 10346 12901 6259 7363 5422 0 0 0 0 0 0 5002 0 0 5000 0 0 0 0 850 5001 5001 5001 7289 7902 5030 5003 6306 13231 17407 6394 10917 7290 5183 7851 6784 0 0 0 5014 0 0 0 0 0 13020 0 0 4032 5060 5027 5005 5011 6489 15453 4939 0 0 0 5001 0 0 0 5705 1399 0 0 6730 6089 5267 5296
0 0 0 0 2602 4488 10177 0 0 0 0 0 0 6518 5707 10018 8666 3873 0 1230 10236 10647 17369 15684 5087 11610 14707 5012 15613 5052 0 0 0 0 0 1727 3298 0 0 5000 0 0 0 0 0 0 0 0 5223 23 0 0 0 573 6346 4408 1908 0 6438 0 1506 5611 0 0 1980 4793 0 0 0 0 14021 0 0 0 0 0 0 0 1357 3876 5546 10655 10534 10463 10035 9308 10260 10260 6776 11946 5082 6007 8609 10384 5204 5755
0 0 0 2367 4709 0 10606 0 0 0 0 0 0 5039 0 0 0 0 0 0 3398 30083 5568 10813 6504 11793 7741 0 7159 11112 5110 5528 5073 5009 2551 6199 0 0 0 5000 0 0 0 0 0 0 0 0 5001 0 0 0 0 5275 0 5227 0 0 2628 3847 0 1738 4419 0 0 5006 0 0 0 1245 6823 0 0 0 0 0 0 0 5961 0 0 0 0 22 10177 1358 0 0 3434 5052 11471 5280 1435 5203 8469 8180
0 0 1177 5458 0 0 10225 0 0 0 0 0 0 5102 0 0 0 0 0 76 17373 13519 0 5006 5654 9609 10705 5001 9615 3875 2834 0 0 0 2740 10434 5655 1089 0 5001 0 0 0 0 0 0 0 0 5044 0 0 0 0 5015 0 5112 0 0 0 2444 5383 4100 5293 0 0 5040 0 0 0 6123 0 0 0 0 0 0 0 0 3363 2865 3024 919 0 0 5065 0 0 0 0 0 0 6021 6507 5742 2285 3898
5000 4394 5636 0 0 8464 12145 5000 5000 5000 5000 5001 5001 10005 5003 2064 0 0 9472 15713 3691 10471 0 5008 5331 5353 4850 678 4131 5868 13061 8616 894 0 0 5088 0 5828 6608 12422 10067 10325 10132 10309 10030 10283 6586 1216 5000 0 0 0 0 5565 0 5067 0 0 0 0 0 5575 4197 1109 0 5038 0 0 3795 2126 0 0 0 3961 6082 5069 5542 5324 6727 15264 8077 5329 5790 0 5287 0 0 0 0 0 0 5787 6313 6409 7153 5103
0 6520 8598 9711 10429 6790 5000 0 0 0 0 0 0 5000 0 3444 9207 10316 10068 1604 0 10121 0 10772 2118 5060 0 5354 3435 4535 3389 1657 9398 10270 11001 12000 4094 5781 10308 8116 0 0 0 0 0 0 4044 11416 12598 4155 0 0 6312 13559 215 5171 0 0 0 0 880 5223 0 6156 0 5370 0 0 5363 0 0 1211 6808 6608 5026 5033 5015 5941 4218 8931 5650 8043 2647 7533 1877 6469 28 0 0 0 2483 7584 5213 4080 3614 8452
0 5948 0 6638 3448 0 5023 0 0 0 0 0 0 5037 0 4769 15276 7784 0 0 367 10529 5096 6344 0 5352 0 4416 2185 10213 0 0 0 0 0 9780 6187 5000 1455 5002 0 0 0 0 0 0 0 0 8292 6391 10329 10841 8424 1425 12253 13547 9296 5248 5324 3780 6468 0 0 1702 5811 5346 5334 421 4962 0 2185 8386 5305 0 0 0 0 0 0 5649 0 3940 8929 10871 14516 10367 8410 7684 5363 5094 6404 5598 0 0 0 5152
9843 6245 5000 8884 5054 0 5025 0 0 0 0 0 0 6084 9165 6879 6346 0 0 0 5344 10570 2566 5120 0 5667 2007 0 7572 17088 5001 5598 5237 5020 4387 5000 0 0 0 5203 0 0 0 0 0 0 0 0 5424 0 0 0 7095 0 0 0 6309 5001 5028 7185 16111 11163 11673 10515 8380 7664 10630 12363 1428 5570 6945 4228 0 0 0 0 0 0 3762 1798 0 0 0 0 5960 5327 9681 12420 0 554 6529 1136 0 0 4783 11917
4480 0 0 10611 6133 5001 10002 5000 6609 6169 6808 10214 10235 15967 11072 5000 6940 5000 5000 5000 17338 11686 5000 10004 5001 11358 5306 5102 2024 13638 5189 2745 0 0 1230 5807 6583 5000 5000 10195 5051 0 0 0 0 0 0 0 5000 0 0 0 1539 4196 0 0 5043 0 0 0 5003 0 0 0 2205 5010 11438 10855 11492 5499 3924 0 0 0 0 0 0 0 2360 3171 0 0 0 0 5685 0 0 8718 10821 13812 7235 5136 12377 10049 8032 3940
0 0 1534 10245 0 0 9372 5000 5276 9637 3355 0 4603 11313 1750 0 0 0 0 2497 23642 1856 0 5174 0 5132 0 0 0 10017 0 2942 4960 0 0 0 0 0 0 5105 4764 5000 5000 6660 5029 5005 5005 5005 5439 0 0 0 6008 0 0 0 5162 0 0 0 5003 0 0 0 0 2591 3708 0 3017 5104 3671 3322 0 0 0 0 0 2201 3767 5016 0 0 0 0 5444 0 1047 5508 0 14295 8136 15110 4246 0 0 5813
5000 9708 10967 7500 0 0 5000 3782 5700 0 1270 9839 7603 5000 0 0 0 0 0 21444 10767 0 0 5068 0 5213 0 0 0 10265 0 0 2517 5774 1405 0 0 0 0 5020 0 0 4639 2690 0 0 0 0 5000 0 0 0 5228 0 0 0 5070 0 0 0 5083 0 0 0 0 5848 0 0 0 8011 2487 1764 5850 5470 5375 5508 5331 2951 1641 10299 0 0 8526 3246 14080 11769 10769 14610 13482 3278 5938 3768 0 0 4661 2397
5860 966 0 0 250 10044 11994 2220 154 7056 10870 1865 0 5357 0 0 0 2011 5657 18071 5080 0 0 5059 1091 3973 0 0 0 10039 0 0 0 0 4279 5491 2100 0 0 5052 0 4051 3761 0 0 0 0 2892 7805 5378 5383 5121 7291 7993 5008 7013 8098 0 0 0 5194 0 0 0 5113 1138 0 0 5182 4478 5781 0 0 0 0 0 0 0 0 10407 10841 12418 4182 7050 7146 1863 0 6809 10125 6738 0 0 0 4716 1741 0
0 0 3375 6618 11219 10069 10195 9137 5140 7162 0 0 0 5158 0 0 4592 6890 6182 14783 3708 2170 0 5000 0 5305 0 0 0 10094 0 0 0 0 0 0 4229 5517 2259 5034 5389 2062 0 0 0 0 647 5591 0 0 0 0 0 5295 0 5007 823 5561 4678 0 5302 0 0 4668 2789 0 0 842 4878 0 1145 5300 0 0 0 0 0 0 6310 12601 5348 0 0 2094 3474 0 1418 15665 6506 5581 270 0 5698 3237 0 5662
8970 11514 12171 9109 5000 10002 6631 8555 10500 5001 3974 0 0 5001 0 0 10577 3803 4007 1978 5107 6411 0 5001 0 5223 0 0 0 10026 0 0 0 0 0 0 0 0 4025 18723 6357 5000 1965 0 0 0 5048 0 0 0 0 0 0 6254 0 5002 0 0 1164 6531 12935 5158 5014 6504 0 0 0 6002 0 0 0 5260 0 0 0 0 0 4048 8098 2216 0 0 0 6174 0 7127 11599 327 0 5576 4791 5011 1437 0 0 5383
1162 2118 0 0 0 5000 0 0 0 0 5016 0 0 5000 0 11448 3554 0 5405 0 11356 6524 10177 9287 0 5031 0 0 0 10134 0 0 0 0 0 0 0 776 5285 10227 0 0 8049 0 0 0 5010 0 0 0 0 0 0 2442 4030 5729 0 0 0 1670 11132 0 2308 2995 0 0 0 5826 0 0 0 5389 0 0 0 7059 5468 1552 0 5468 0 0 0 3163 2098 11393 0 0 0 4256 1264 0 0 0 1586 4193
0 0 0 0 0 5179 0 0 0 0 4889 5001 5001 10564 6707 5061 0 0 5359 0 5005 0 4214 6355 0 5000 0 0 0 14521 0 0 0 0 0 0 3583 5394 0 5095 0 0 1466 5162 6206 0 5866 0 0 0 0 0 0 0 6288 5230 0 0 0 2248 5002 5849 7905 0 0 0 0 5717 0 0 0 5662 0 3878 6209 5469 0 0 0 5235 0 0 0 0 17462 9388 2414 0 0 0 6786 0 0 0 0 7907
0 0 0 0 0 5002 0 0 0 0 0 0 0 4841 13739 0 0 0 5138 0 7912 0 0 10713 5006 10118 5143 5071 5215 19550 0 0 0 0 0 7781 7359 5001 5001 6784 0 0 0 0 3397 5154 9514 0 0 0 0 0 0 0 860 9023 0 0 0 6113 0 0 4250 2279 0 0 0 2305 5372 5441 5109 10902 5145 3490 0 5716 0 0 0 2618 2880 0 0 9455 5300 0 5561 3344 0 0 1037 4572 0 0 1200 10201
