Heavy_metals_comparison/usgrids5km/sdroads.asc
NCOLS 940
NROWS 592
XLLCORNER -2405000.000000
YLLCORNER 260000.000000
CELLSIZE 5000.000000
NODATA_VALUE -1.000000
[rows 306 to 356 of 592, columns 480 to 575 of 940]
0 0 0 0 0 5157 0 0 0 0 2724 5221 5053 3529 5272 0 0 3036 3403 0 3351 1946 0 10212 0 5384 0 0 0 12608 5001 5001 5001 6095 2100 11139 0 0 0 5032 3346 0 0 0 0 0 5642 7307 0 0 0 0 0 0 0 1312 6247 0 0 5860 0 0 0 5817 1460 0 2977 5331 10876 0 0 8705 5694 5528 6448 140 0 0 0 0 5158 1553 6590 6271 0 0 0 11144 6779 1166 0 3886 3473 3798 10841 3250
0 0 0 0 0 5001 0 0 1397 5786 2929 0 2078 6376 5118 0 2513 5270 0 0 0 5730 4101 12854 0 5051 0 0 0 10168 0 0 0 0 5765 5120 0 0 0 0 5144 0 0 0 0 0 5295 5289 7101 5436 5012 2727 0 0 0 0 6397 0 3297 6772 5807 4033 0 0 5094 4683 5319 0 5447 1900 6319 812 0 0 9685 6898 0 0 0 0 9279 10784 6611 0 0 0 0 1852 5971 7232 0 0 9138 1445 5327 0
5005 5622 2214 0 0 5001 0 7 6470 0 0 0 5808 0 5002 0 5908 0 0 0 2160 11549 899 10208 0 5010 0 0 0 10272 0 0 0 0 5217 0 0 0 0 0 5530 0 0 0 620 6130 1851 293 4813 0 0 4047 5279 5094 5028 5186 7033 0 5102 0 0 1873 5290 5109 5283 8552 0 0 5708 5266 0 0 0 0 5166 414 5628 964 7518 10451 15767 5203 0 0 0 0 0 0 0 7475 8081 545 9741 5273 3066 0
0 0 4353 5000 5000 10045 5000 11859 5001 5001 5001 9063 1723 0 7008 11869 6151 7365 6693 5001 9638 5106 0 10093 0 5026 0 0 0 10130 0 0 0 0 5627 0 0 0 0 0 4424 1183 0 4521 10109 0 0 0 6519 0 0 0 0 0 0 0 4983 1973 4907 0 0 0 0 0 0 5631 0 1181 6866 6367 0 0 0 0 5183 0 8550 13550 3762 0 0 12198 586 0 1387 0 0 0 0 0 8162 9613 10452 10980 2075 3509
0 0 0 0 0 5000 0 5160 0 0 0 5000 0 0 0 10298 0 5000 0 0 8394 8956 0 10342 0 5175 0 0 0 10833 0 0 0 4326 982 0 0 0 0 0 0 7526 6174 1156 4899 134 0 0 1619 4747 0 0 0 0 0 1818 5031 11788 6223 2640 0 0 0 0 0 1184 14851 10738 12495 9209 0 0 0 0 15991 10255 6544 5738 5124 5082 5197 15589 8731 5447 4010 4749 0 0 111 0 4231 10306 13152 2654 4400 9617
0 0 0 0 0 5000 1854 3469 0 0 0 5000 0 0 0 10299 0 8219 5000 5000 4110 7424 5001 12867 0 4323 1132 0 0 10099 0 0 0 5682 0 0 0 0 0 745 5388 9237 799 0 5018 0 0 0 0 5059 0 0 0 4133 5173 3885 0 0 5189 2382 5573 2993 0 0 678 12330 5124 0 3796 2057 6944 11812 9161 11969 12206 2827 0 0 0 0 0 6311 5827 0 0 2965 5014 5176 4988 5156 1699 3571 2152 11433 5448 3356
0 0 0 0 0 5000 5693 0 0 0 0 5009 0 0 0 10140 0 5000 0 0 0 6170 0 10203 0 0 5054 0 0 10534 0 0 4753 1993 0 0 3900 5006 5108 4576 0 0 5255 0 6446 5016 5000 5067 5139 10554 5001 5048 5102 5996 0 0 0 0 5197 0 0 5255 5452 1791 15414 2792 5173 0 260 5115 6396 0 1122 36 5540 5398 0 0 0 0 0 998 8573 12123 5254 2250 0 0 0 0 0 0 5363 5349 1150 7861
0 0 0 0 0 5087 6319 5702 5154 9114 5002 19606 5002 5000 5001 15317 5251 9066 1538 0 0 2607 6955 10043 0 0 5031 0 0 10734 0 6174 2112 0 0 3827 3244 162 5869 5142 5006 5487 10032 7818 3469 0 0 0 0 1373 4285 0 929 4381 0 0 0 0 5158 0 0 0 921 16058 7519 0 4836 5867 4869 9209 1922 0 0 0 5003 5259 0 0 0 0 0 2248 6104 2860 2895 5379 0 0 0 0 0 0 5134 0 10974 6985
0 0 0 3653 11903 15400 10933 0 0 5736 582 10562 0 0 0 10407 0 0 7662 5002 5001 5003 6826 16263 10102 12581 7550 8326 6201 16920 14041 5041 5014 5129 5176 10136 5187 9465 868 0 0 0 5241 5568 0 0 0 0 0 0 5145 0 5620 0 0 0 0 0 5291 0 0 6650 5309 5194 5320 3503 13386 7079 6861 0 0 0 0 4619 2176 686 4919 0 0 0 307 6453 0 0 5441 5557 730 0 0 0 0 0 9696 5195 10351 0
10541 14814 13953 7325 0 5502 5040 0 0 0 11198 5185 0 0 0 10008 0 0 5000 0 0 0 0 10106 0 5510 4751 2417 9263 4136 11337 0 0 0 0 5025 0 0 8143 0 0 0 3087 9175 0 0 0 0 0 0 5314 0 5317 0 0 0 0 0 5145 0 5768 7455 5105 7018 5065 13076 0 0 1225 0 0 0 0 5438 0 0 5006 1024 0 3342 5635 0 0 0 3894 10003 1987 0 0 0 5214 5178 8895 508 5430 0
0 0 5372 0 0 1405 10213 0 0 0 7847 5214 0 0 0 10099 0 0 5000 0 0 0 24 17661 5786 5032 0 3352 2341 0 10060 0 0 0 0 8247 5491 1431 5419 0 0 0 0 10918 0 0 0 0 0 0 3086 7391 10085 5277 5322 5821 4200 0 980 5742 10366 0 0 0 0 5928 0 0 0 0 0 0 1762 3426 0 0 0 6937 0 5766 0 0 0 0 0 1323 14978 8205 5636 5293 49 0 0 6031 7841 0
0 0 4208 0 0 0 10234 0 0 0 12097 887 0 0 0 11666 5000 5000 9980 5001 5001 6790 12677 5776 1025 9493 0 5000 0 0 10044 0 0 0 0 5346 0 4686 7705 8731 1411 0 0 5601 5551 0 0 0 0 0 0 6282 4284 0 0 0 1771 5629 8565 21859 6142 3294 0 0 0 158 5068 0 0 0 0 0 3819 1290 0 0 0 60 13868 7024 5297 5364 5315 5456 5565 5296 5477 1203 6408 1271 0 0 0 0 10728 2865
0 0 0 0 0 6895 8595 8135 5000 5251 18641 5003 5000 5005 7544 9958 0 0 5000 0 0 9500 846 5001 2579 7747 0 6069 0 0 10036 0 0 0 0 5321 0 0 2443 3541 5141 5043 0 5028 4163 1707 0 0 0 0 3821 14009 5001 5529 1063 0 790 5627 11122 9154 0 4217 6937 5522 2624 0 5170 0 0 0 0 0 0 5163 0 0 890 7076 839 4414 0 0 5528 0 0 0 687 0 0 5271 0 0 0 2450 13900 2554
5262 5125 5001 5066 5214 16361 5193 10019 5002 4898 10106 0 0 0 6221 5115 0 0 5000 0 0 10528 0 5001 4256 10649 0 5001 0 0 10090 0 0 0 0 6717 0 0 5549 0 0 1276 5046 10510 5269 11303 5085 5054 5121 5285 1380 5353 0 0 5128 5092 4517 6662 10124 5602 721 0 0 0 4302 2284 3395 5954 3058 0 0 0 0 5005 0 1648 6039 0 0 6198 0 0 4647 2595 0 0 0 0 0 5597 0 0 0 8985 1776 0
5326 6391 0 5000 5067 5336 3000 5000 0 0 10027 0 0 0 10818 0 0 0 1236 4555 0 10696 0 5001 2871 9051 4360 5001 0 0 7229 3088 0 0 0 4047 5847 0 5253 0 0 0 0 5074 0 418 6128 0 0 0 1946 3220 0 0 0 0 5216 7928 0 0 6801 0 0 0 0 6035 0 0 6122 0 0 705 5981 5070 3948 5282 0 0 0 947 5278 0 1430 5400 4463 0 0 0 0 1818 7965 0 2902 13617 1651 0
0 188 5943 12194 8933 5000 12363 9213 5000 5000 15001 5001 5001 7820 6516 0 0 0 0 5000 0 10048 0 9806 0 5127 7391 11280 34 0 5000 5096 0 0 0 0 5000 0 5167 0 0 0 0 5474 0 0 2550 3214 0 0 5227 5256 6459 0 0 0 11198 0 0 0 5195 0 0 0 0 5893 5454 5097 6053 2245 5668 5148 0 14730 1719 0 0 0 0 0 5165 0 0 0 3562 2447 0 0 0 6505 874 5671 3736 9431 1343 0
0 0 0 12002 4393 0 5166 5363 0 0 10007 0 0 6159 10093 5000 5019 5001 5001 6146 5000 15094 5000 8363 4308 4997 6583 10162 10019 10132 15543 13606 5364 5211 3355 0 5000 0 5425 0 0 0 0 2759 3770 0 0 5036 0 0 5000 0 5002 0 0 2973 7640 0 0 0 5373 0 0 0 0 5512 0 0 0 8634 1041 0 0 9795 607 0 0 0 0 0 5681 0 0 0 0 4274 5328 6431 5653 7730 0 0 0 8986 1693 0
0 2670 5693 7649 4033 6197 6142 5652 0 1372 8955 0 0 6629 3800 0 0 0 0 0 0 10820 0 8411 16020 7558 2516 5002 0 0 5002 8229 5609 383 5003 0 5000 0 5080 2389 0 0 0 5136 0 0 0 5048 0 0 5000 0 1366 5158 0 5107 5469 0 0 0 5060 0 0 0 0 5068 0 0 0 5294 0 0 3100 2871 5108 0 0 0 0 0 2954 3331 0 0 0 0 0 0 0 6091 0 0 0 1738 11602 0
3450 3767 0 6410 5003 5066 18692 11533 4016 10116 426 0 0 10009 0 0 0 0 6131 5000 5000 15046 5000 26573 7233 5052 5000 10002 5001 5001 10162 9934 5000 10077 15214 10134 15019 10240 17830 7723 5067 5989 0 1056 5902 0 0 5193 0 0 5410 3757 0 7738 1250 5376 5504 0 0 0 5099 0 0 0 0 5077 0 0 5402 7876 5372 434 5678 2603 3258 0 0 0 0 0 0 5381 0 0 0 0 0 0 1156 4703 0 0 0 0 9902 3258
8445 0 0 5126 0 0 10376 4629 6680 14772 0 0 0 7947 3006 0 0 0 5001 0 0 10790 6809 6652 5825 0 0 5106 0 0 10307 0 0 0 5000 0 5001 0 7922 2109 5994 11553 5165 1451 1876 3695 0 5176 0 0 5034 5855 0 0 12777 13583 7685 4360 0 0 2696 4692 0 0 976 10914 5484 5079 783 0 0 9185 8458 7967 0 0 0 0 0 0 0 5114 0 0 0 0 0 0 0 5192 0 0 0 386 12933 0
1557 5462 5193 6618 0 2549 8020 0 6168 15409 5000 5001 5000 12428 8248 5001 5001 5000 5596 5000 5000 21007 5001 10001 8143 8767 0 5000 0 0 10068 0 0 0 5736 0 5302 603 5000 0 0 1934 5399 11666 5009 6306 3074 5033 0 1157 6319 7218 8531 11289 5552 0 0 1809 5085 6004 5182 6251 1773 5493 4750 5133 0 0 0 0 0 6202 0 8887 5195 1812 0 0 0 0 0 5076 0 0 0 0 0 5643 5054 7582 0 0 0 8710 2699 3497
0 0 6168 2418 0 5282 5036 3235 18555 6576 0 0 0 5002 5968 0 0 0 0 380 8884 14580 0 5000 0 11046 0 5313 0 0 10144 0 0 5093 1535 0 0 5000 5000 0 0 0 0 50 6025 3898 4397 11324 15920 15572 14860 14484 2857 0 0 0 0 0 0 0 0 7323 9425 286 0 5060 0 0 0 0 4716 622 0 1316 4130 4067 5843 1161 0 0 0 2102 5493 0 0 5059 5220 1182 0 5734 0 0 0 0 15610 2126
0 0 4737 5003 5001 14541 14589 7160 12153 61 7627 0 0 5000 1114 5364 0 0 0 365 5526 10005 0 5000 0 2420 8418 5356 0 0 10230 0 0 5000 0 0 0 5000 5000 0 0 0 0 0 0 5795 16687 22569 33209 21302 2427 5465 0 0 0 0 4830 307 0 0 0 5363 0 0 0 919 4333 0 0 0 5832 0 0 330 5250 0 1288 8119 5035 5814 5164 5463 10532 5276 5212 3009 0 0 0 5874 0 0 0 3216 7808 0
0 0 0 0 2419 14870 0 0 15455 5001 5548 10145 12658 12432 10136 12638 10197 2598 9745 15900 10002 20350 10002 13962 4835 4775 16823 10244 8529 11342 22399 11745 9803 10815 5001 5001 5001 10001 10033 5134 5088 7952 5206 5007 5084 1364 9237 12044 13178 14604 5720 11812 1355 0 9699 10397 5684 10940 10935 1758 0 5642 0 0 7897 15937 20419 15569 11116 18313 7614 0 0 6120 0 0 350 5031 0 0 0 0 5353 0 0 0 0 0 0 4703 5858 7159 5148 5461 14823 0
0 0 0 4719 11347 5162 0 0 10210 0 0 0 5000 0 0 0 16313 8330 3436 3181 0 10663 0 5001 291 378 4068 16600 14905 6061 8519 4591 5929 13049 5173 5352 5065 11057 5320 0 9350 7265 5016 5015 5456 16411 3211 5273 5021 15624 5000 10002 9848 10188 4719 0 0 0 750 9936 17112 14372 11959 10417 5243 0 5061 0 0 0 9239 2465 275 7138 0 0 0 5341 0 0 0 0 498 5274 0 0 0 0 0 3358 9502 0 0 0 5957 8477
0 0 12356 6466 0 5552 0 0 10072 0 0 0 5000 0 0 0 10354 0 3058 0 0 6160 4798 6404 11280 12074 10411 28909 7259 11384 10081 5000 5000 15859 9753 5000 8018 10163 16488 11806 2437 0 0 853 12990 1783 0 0 5142 5292 0 5480 0 0 0 0 0 0 0 0 5204 0 0 0 0 2312 2923 0 0 0 2233 10480 6680 0 0 0 4709 425 0 0 610 5140 5059 8535 0 0 0 0 3685 3301 3233 3819 0 0 0 9061
5132 5000 11833 0 0 3696 4156 6571 7968 5205 5005 5001 8696 5000 5000 5000 14895 2316 0 0 0 5002 4356 7267 5003 3946 4593 18692 9298 2014 5009 0 0 1484 12297 0 5100 0 0 5508 7870 0 0 11972 6660 5013 5049 5007 10085 10012 5072 8054 10337 5011 5293 5298 6257 5642 5087 2060 4554 0 0 0 0 5007 0 0 0 0 0 11639 14628 5242 5641 5407 11060 5274 5143 5071 4615 0 0 8459 5332 5399 2809 5176 5456 0 0 2790 5599 0 0 0
0 0 13800 6000 5006 5161 6551 16147 4171 0 0 0 0 0 0 0 5048 8051 5000 5000 5000 10003 7002 14026 5995 8133 8866 5611 5926 0 5114 0 0 0 5007 9746 5100 0 0 481 16364 7119 11637 7735 0 0 0 0 5701 5001 0 0 1394 4392 0 0 0 0 2640 9270 0 0 0 0 0 5349 0 0 0 0 0 0 10170 0 0 5217 213 0 0 0 0 0 0 5107 0 0 2241 0 0 0 0 0 7925 5531 3805 0
0 0 11356 0 0 0 0 10024 0 0 0 0 0 0 0 0 5018 5006 0 0 250 9755 13878 663 6514 722 5169 0 10418 5199 5035 5298 5252 5189 3636 8041 21189 3199 694 10808 5156 12824 8432 8379 0 0 0 0 5036 5123 0 0 5192 250 0 0 0 1277 3108 11659 6683 4574 0 0 0 5409 0 0 0 0 0 0 10006 2159 0 5255 0 0 0 0 0 0 0 5817 0 0 0 0 0 0 0 0 5238 0 1691 5680
0 0 10215 0 0 0 0 10139 0 0 0 0 0 0 0 0 3362 6754 0 0 5356 7764 5575 5343 387 834 4508 0 2090 9679 14232 5959 5001 5046 6514 5000 10857 19888 9831 2544 0 5011 0 9762 2191 0 0 0 5260 4542 728 0 828 6377 0 0 0 6434 2967 1710 5326 1588 5841 5436 5523 9797 0 0 0 0 0 0 2314 8642 0 5041 0 0 0 0 0 0 0 5734 0 0 0 0 0 0 0 0 5019 0 0 0
0 0 10319 0 0 0 0 10070 0 0 0 0 0 0 0 0 7096 9331 5000 6297 15932 9524 0 0 0 5836 6753 5483 6314 19556 11554 5003 5000 5597 0 0 5000 10136 0 0 0 5142 444 53 12773 420 0 0 6641 0 5207 0 0 5692 4884 0 0 5715 0 0 1633 4923 0 0 0 77 5351 5281 5279 5268 5139 5045 5053 12700 0 5177 0 0 0 0 0 0 0 5955 0 0 0 0 0 0 0 0 6429 0 0 0
0 0 10023 0 0 0 0 10076 0 0 0 0 0 0 0 0 5674 5120 0 2291 11098 2822 0 0 6895 16171 5063 5089 5020 17698 1242 0 0 1518 6598 6068 4509 10022 0 0 0 5233 7330 5153 7102 16871 5767 4471 977 0 5091 0 0 0 4549 11417 5393 4213 0 0 0 3989 1682 0 0 0 0 0 0 0 0 0 0 8296 6071 9009 5244 5108 5832 5728 6632 2999 6813 327 0 0 0 0 0 0 0 0 2731 2802 0 0
0 5145 9259 0 0 0 0 10209 0 0 0 0 0 0 0 0 5007 5024 0 10063 5321 1635 12299 10421 5793 5213 0 0 732 10320 0 0 0 0 0 5000 0 10482 465 0 1246 8129 6878 0 0 0 7072 14995 5337 7071 6281 0 0 4751 2369 2130 3414 0 0 0 0 0 5310 0 0 0 0 0 0 0 0 0 0 4579 22287 4989 0 0 0 0 0 2197 12285 1556 0 0 0 721 0 0 0 0 0 5052 5595 5002
5001 13154 9881 5000 4496 0 0 10102 0 0 0 0 0 0 0 0 5449 5024 0 11714 14329 10046 147 0 0 5056 0 0 5464 5800 0 0 2292 5001 6930 8068 0 8203 2794 1615 5576 0 5800 6387 5001 5179 5003 11173 2094 5572 10003 6578 3247 5946 0 0 5454 0 0 0 0 0 5381 1717 0 0 0 0 0 0 0 0 0 6259 0 6823 12140 4512 0 0 0 5282 1823 3579 5827 5188 5383 5046 5432 5096 5167 5548 8649 7185 452 0
0 5920 5000 0 1295 5007 5055 15643 5001 5000 5000 5041 4866 0 0 0 10644 1657 7486 22238 7536 2806 0 0 0 5283 0 0 10933 0 0 3705 6989 0 0 1964 6711 10265 16473 5514 0 5991 8896 0 0 0 3919 5040 12523 11229 6894 0 7267 5011 4753 0 5761 0 0 0 0 0 0 6254 0 0 0 0 2216 5158 2759 1997 5928 1808 0 0 0 10084 3912 0 1938 4518 0 0 0 0 0 0 1972 5179 5281 9535 5557 5004 5003 5002
0 5483 5000 0 0 0 0 10493 0 0 0 0 767 6286 5413 7183 20798 9915 3590 5012 0 4393 1764 0 0 1472 9451 5064 20275 7469 5377 2079 0 0 0 0 1127 7660 3150 12371 6778 2658 6251 2410 0 0 5000 0 252 10120 17330 5696 4023 0 2947 6270 10259 3845 0 0 0 4681 3857 8314 10803 5099 5095 5618 3698 5002 3227 3132 0 0 0 0 0 0 10072 12169 6345 0 0 0 4064 6044 5670 6063 3159 0 0 5522 0 0 0 0
0 5197 5001 0 0 0 3132 7178 0 0 0 0 0 9428 12996 15944 5603 5001 5001 310 0 0 7866 5098 5002 8559 1093 0 14996 7616 0 0 0 0 5714 1656 5559 12127 0 5299 6370 0 0 5784 0 0 5073 0 0 5552 5322 0 0 0 0 0 5329 2092 5754 5284 5067 855 1308 5893 0 0 0 0 0 5492 1016 2506 0 0 1138 5002 2945 0 201 9844 12984 5122 5045 5791 1274 0 0 0 0 0 0 5435 0 0 0 0
0 5746 5003 0 0 0 11410 0 0 0 0 5758 12014 4921 10384 6562 0 0 0 0 0 0 5040 0 0 5002 2865 10737 7317 5196 10944 7617 6208 6333 225 4373 2206 12838 5724 3816 4426 2168 0 1846 3594 2649 8946 5808 5643 10043 5508 0 0 0 0 0 4698 5191 1125 0 0 0 0 6069 0 0 0 0 5380 6380 4550 2985 5001 5159 4379 0 2397 5243 8189 5805 14278 0 0 0 0 0 0 0 0 0 0 6479 0 0 0 0
0 699 11269 0 0 0 10160 0 0 0 6358 8064 0 2664 15444 0 0 0 0 0 0 0 5078 0 0 6689 3046 8589 8508 3669 0 6173 0 0 0 0 0 14377 4097 0 0 8009 5135 5089 10293 3489 3664 4724 0 0 12810 0 1886 0 0 0 0 0 5664 0 0 0 0 6655 0 0 0 2811 3334 0 0 0 0 0 0 0 0 5476 2653 0 9371 2476 0 0 0 0 0 0 0 0 0 5512 0 0 3452 5020
11775 0 8530 2127 0 0 10029 0 0 1155 11309 0 4191 4275 10070 0 0 0 0 0 0 0 5002 0 0 5055 0 0 11082 0 0 962 4883 0 0 276 6217 11615 2347 8132 2144 9442 0 0 6067 6255 5091 0 0 0 11109 7762 5046 6179 5250 5015 0 0 6514 0 0 0 0 5400 0 0 0 5484 0 0 2671 5103 5203 5232 2614 3373 5647 1599 0 0 5507 5884 0 0 0 0 0 0 0 0 104 5558 0 630 5754 0
11392 0 5053 5104 0 3280 8254 0 0 12325 0 4118 2480 8952 1452 0 0 781 5168 5340 5035 5899 6173 0 0 5055 0 0 13800 5552 5878 3159 8839 61 0 13061 5447 0 0 0 5327 9369 5183 1745 12108 0 0 0 0 0 6231 4466 5979 0 0 2127 6347 7475 2807 0 0 0 0 3012 3742 95 5892 9598 7027 6062 2724 0 0 0 4753 10183 2387 0 0 0 6309 6338 0 0 0 0 0 0 0 0 5613 0 1067 6217 0 0
12653 5108 10030 10601 9087 2713 6086 1825 6830 4740 1962 4183 0 10635 0 0 0 7284 0 0 0 509 4586 0 0 2399 4061 0 11532 0 3271 10565 17659 19680 12187 1861 0 0 0 0 1195 6783 0 4048 10661 3305 0 0 0 0 5941 0 2998 3199 0 0 0 3047 6891 0 0 0 0 0 3975 13924 0 0 0 0 0 0 0 0 5996 0 6033 0 0 0 3422 13208 9652 1303 0 0 0 0 0 0 8951 5862 4573 0 0 8657
5026 7465 5000 12575 5000 4142 0 8136 11208 5551 4836 0 0 10421 0 0 2767 7211 0 0 0 2176 6213 0 0 0 5530 0 13804 5168 4059 7074 7084 11212 12497 0 0 0 0 0 5871 0 0 0 6534 2068 5030 6382 5198 3536 8665 2044 0 5803 5373 7225 0 0 4067 6216 1729 3763 4923 5639 5215 311 7624 496 0 0 0 0 0 4222 2097 0 1422 5412 5582 4601 6552 0 5165 10117 12215 10880 0 3138 5350 5417 8955 0 0 0 8623 5497
889 10080 5003 10200 0 1103 5354 20818 14309 5020 5059 5030 7055 13388 5000 6188 4685 0 0 0 0 0 5432 0 0 0 5076 0 11815 0 6609 2032 0 6393 10256 0 0 0 0 0 5680 876 0 0 2709 2929 0 0 5283 2217 914 4981 2932 0 0 631 7083 12582 9792 16532 10612 8939 7343 8074 0 0 3077 6646 0 0 0 0 0 5149 0 0 0 0 3737 8440 0 0 0 0 0 1728 15035 9209 0 0 5003 0 0 8553 5540 0
0 10179 5080 10473 0 0 8442 11757 4816 1460 0 0 10141 0 0 0 0 0 0 0 0 0 3725 1637 0 0 5156 9187 8210 5188 2413 0 0 6609 13645 0 0 0 0 0 0 6404 0 0 1779 3624 0 308 6509 0 0 0 8596 4529 5200 6054 4967 0 2173 1495 8264 0 0 5017 3854 6213 4696 12725 1911 0 0 0 0 5278 0 3182 5550 5363 2154 5170 0 0 0 0 0 3750 2348 9503 4112 0 7533 0 9748 5519 0 0
0 14266 13469 8052 0 9300 12173 0 0 5174 0 0 11098 37 3247 5297 5987 5000 5002 5866 5001 5002 10049 5414 1503 0 6673 17149 1250 5209 5149 5223 4717 7720 15920 0 3628 5163 1232 0 0 5505 0 0 5085 185 6923 5446 0 0 0 0 5055 3325 4877 0 0 0 0 0 5053 0 0 302 4797 0 2055 5096 11644 5869 7047 5391 5366 10555 5900 2565 0 0 0 5323 0 0 0 0 0 6647 0 4987 12876 0 9372 10963 4095 0 0 0
13046 27440 13009 20656 10379 13626 5000 5000 5000 10571 5004 5001 13846 5203 2291 0 0 0 0 0 0 0 5516 0 3995 5000 13604 17108 5194 202 354 0 283 13738 18132 5370 3705 3246 9385 8252 0 5886 4893 5272 10499 6009 0 0 0 0 0 0 5454 0 2701 3029 0 0 0 0 5754 3770 0 0 0 0 0 0 1924 13984 2864 0 0 5441 0 0 0 0 0 5288 0 0 0 0 5175 613 2842 7569 2908 13346 29215 12112 5000 5055 5003 5945
20475 7838 15763 12720 0 0 0 0 0 1150 4656 0 10255 0 0 0 0 0 0 0 0 2388 4609 0 0 0 12445 5619 5721 6789 6524 0 0 14932 12900 5162 5757 3465 0 440 5481 11683 1106 0 6094 0 0 0 0 0 0 0 5254 0 0 6963 5382 0 0 0 0 4666 3803 0 0 0 0 0 0 5084 6951 3177 558 6680 6510 6071 0 0 0 5697 0 0 1264 4926 5905 2099 4691 0 0 0 11128 10824 5434 0 0 5821
23328 5000 7303 8027 8871 3697 0 0 0 0 5396 344 10101 0 0 0 0 0 0 0 3624 5286 0 0 0 0 10424 6065 0 0 1195 5369 8546 22195 11121 4336 0 0 0 0 0 5511 667 0 1568 6104 1532 0 0 0 0 5601 1012 0 0 0 188 7522 3138 0 0 0 5428 1329 0 4732 5735 1365 0 0 9498 4412 8667 0 0 2168 4204 0 0 3086 3421 7486 4177 895 2850 5013 0 0 0 9793 1361 0 7242 8147 0 5222
5757 0 5000 0 2905 13258 13656 195 0 0 0 5168 10077 0 0 0 0 0 0 0 5532 0 0 0 0 0 10124 5541 0 0 0 4585 1967 12487 0 1068 6012 0 0 0 0 3529 1816 0 0 0 5426 2322 0 0 0 5816 0 0 0 0 0 0 3988 2681 0 2317 5998 7902 6145 1755 0 5067 5719 4341 13630 10873 0 0 0 0 4764 1861 0 0 7637 908 0 0 3270 2837 0 0 0 11194 0 0 0 9499 1630 5780
5000 0 5000 0 0 0 7356 10397 840 0 0 7830 8937 0 0 0 0 0 0 0 6083 0 6197 5060 5603 5689 15383 7935 7148 0 5615 4084 0 10558 0 0 4899 1199 0 0 0 0 5309 0 0 0 0 6175 0 0 0 7354 0 0 0 0 0 0 0 6805 0 5382 0 0 0 0 0 0 0 2017 13941 5276 7478 6490 1311 0 4764 663 0 0 5170 0 0 0 1469 4389 0 0 9715 1437 0 0 0 0 15684 6997
