Heavy_metals_comparison/usgrids5km/sdroads.asc
NCOLS 940
NROWS 592
XLLCORNER -2405000.000000
YLLCORNER 260000.000000
CELLSIZE 5000.000000
NODATA_VALUE -1.000000
[rows 255 to 305 of 592, columns 672 to 767 of 940]
2852 2179 870 6207 1360 0 5361 0 10425 0 0 5065 5301 23670 22775 21694 16977 5457 5005 8512 16681 5312 0 0 0 727 16810 7887 11121 10480 1976 0 0 5127 7369 5040 5010 2385 16337 4085 0 6264 9465 6801 7434 0 0 0 5278 5250 6047 6996 0 0 3 5800 0 0 0 0 5853 0 6373 10011 10288 899 13824 13299 14488 6952 0 0 0 0 3128 5984 5543 11659 17602 1175 0 5069 0 0 8721 15881 1526 7363 0 11686 18232 8752 0 3900 7411 6370
0 5050 0 0 5048 2223 5239 2590 11988 9849 6408 5408 14869 2911 5551 0 0 6613 11926 8400 0 0 0 0 1950 13870 5158 0 0 10357 0 0 0 0 7266 14500 8709 4655 9946 5751 5054 1810 12757 15001 788 0 0 888 11896 6230 3638 0 0 0 0 5018 0 0 0 0 5336 0 7214 15307 5312 3476 0 0 0 7846 14531 9144 0 0 0 1656 6651 19945 8494 0 0 5769 811 6356 10934 20791 6949 2121 0 0 5885 0 0 6721 4440 6932
0 5055 0 1743 5168 15210 13236 12947 8551 11930 5544 16236 11182 0 5465 0 1850 6095 5590 0 0 0 0 4059 5686 10253 0 0 0 10295 51 0 0 0 6071 8257 13219 0 5096 0 0 0 5244 424 13629 175 0 5875 0 0 2012 8307 5898 7102 1310 5206 0 0 589 7226 1675 2535 14141 1494 0 7416 3013 0 0 0 0 7483 4247 0 0 5652 1443 8911 10332 6303 2019 6279 8305 0 6777 3498 13368 541 5840 5519 11616 5165 13850 6960 5891 0
10128 15250 10131 8500 5597 48 1683 9277 5192 12967 14125 13127 9549 6561 256 2575 4660 0 5237 0 0 0 5333 2460 11839 0 0 0 0 5615 5019 0 1391 7564 5840 0 8315 2106 1857 3224 195 0 7286 0 2630 9040 5655 2645 0 0 0 0 12295 6696 10615 15748 365 0 5181 612 0 12277 4842 0 0 0 7547 0 0 0 0 423 10558 11270 7014 19511 0 5007 3582 10198 20589 13733 5405 5630 5783 3728 4640 7254 0 5531 0 9681 7966 340 8085 0
3666 5164 0 0 0 0 0 936 19203 34082 6948 788 0 7844 3940 4166 0 0 812 4943 87 6519 1186 4045 7615 0 0 0 0 2872 12625 5646 4257 5165 0 0 3242 9868 3691 7048 6996 5609 2053 0 0 10642 6052 0 0 0 0 0 3868 2246 0 14542 6364 5922 3090 0 10585 12222 0 0 0 209 5760 0 0 0 0 0 0 396 5019 12451 632 6824 6218 2313 14578 0 0 0 0 0 0 0 0 6091 0 1792 4073 10837 2423 7287
7493 16049 5036 5043 5039 5032 5029 7749 14722 9186 10486 5244 6312 14112 9862 5277 5148 5095 509 5279 9403 0 0 11599 0 0 0 0 3275 5769 20460 0 0 5459 0 0 0 3481 8774 17870 3629 0 0 3855 5412 16573 33 0 0 0 0 0 4042 1383 0 7773 22971 2188 1503 8878 17644 0 0 0 0 0 5819 4556 0 0 0 0 2724 3761 9032 23396 18567 8962 5642 6124 11015 0 0 0 0 0 0 0 0 4772 2055 4461 3834 0 0 8475
0 10138 0 0 0 0 0 10782 13897 8506 6900 0 1093 12280 6574 0 0 0 7476 10464 10435 0 6517 4500 0 3034 5401 5142 1909 0 15342 0 6396 1702 0 0 0 0 0 5669 2164 6580 5672 8591 68 11087 0 0 6291 5150 5149 5087 10069 5060 5658 20017 9636 10359 12357 9019 441 6053 4380 0 0 0 0 4336 9840 5020 5548 5163 2726 1600 5848 3040 11135 0 0 0 10181 1279 0 0 0 0 0 0 2867 5458 9085 3616 0 0 0 0
0 9475 5210 5419 5129 4979 9631 15954 11591 13203 4740 5576 9818 0 4634 1535 0 2980 4187 0 1882 11447 19262 5195 5160 2718 0 0 0 0 12318 9001 382 0 0 0 0 0 0 5357 0 0 0 5249 10282 6049 6176 5914 1230 0 0 0 5009 0 13784 4559 9417 8974 5684 0 0 2838 10111 2162 2509 5181 5264 4069 2450 6322 0 0 0 0 5462 4887 2544 3641 0 0 9139 7721 0 0 0 0 0 4982 4819 0 0 6793 0 0 0 0
5043 16028 1333 0 0 290 5260 11307 5522 5014 0 2617 2991 0 0 5829 5782 3496 0 1211 10710 18077 8855 5765 4183 0 0 0 0 0 11715 9280 0 0 0 0 0 0 0 5006 0 0 0 0 3069 18236 2712 3101 0 0 0 0 1778 8233 20268 6931 6606 0 10 6006 7386 9469 5128 11394 2749 0 0 0 0 5349 0 0 0 0 5698 5171 0 5334 1748 0 11366 4465 1577 0 0 7961 5169 568 0 0 0 5077 0 0 2108 5690
0 10523 0 0 0 600 17765 13584 7334 10404 6089 10903 5152 2439 5458 10505 0 2519 11152 9752 346 5366 0 0 1130 5050 5775 0 0 0 19267 1691 0 0 0 0 0 0 0 5092 0 0 0 0 1544 7796 5357 2486 6512 0 0 0 7563 9064 16999 27851 6168 5516 5371 24 5970 0 0 5694 0 0 0 0 0 5483 0 0 0 0 4082 6557 0 0 10584 12968 14726 7935 9171 1104 0 5042 0 0 0 0 575 5527 0 0 5422 0
1534 3704 10126 0 0 5354 20339 7288 0 5158 6083 0 1007 9450 7084 13790 13255 9885 0 0 0 5334 0 0 0 0 1541 5155 5023 5208 21806 1418 0 0 0 0 0 0 0 5013 0 0 0 0 6869 8972 4511 0 834 6639 3081 5795 7434 0 0 11855 6166 3643 0 0 0 0 0 5090 0 0 0 0 0 5312 0 0 0 0 6197 5487 0 0 6211 8849 0 0 3016 11884 0 5161 0 0 0 0 5792 0 0 0 5050 0
14526 5065 6128 16866 9163 18474 14973 15038 5001 17427 2556 5723 4718 5866 3934 9829 815 5790 0 0 2415 5873 5015 6911 5263 5050 5002 5299 9093 6695 15710 27887 2461 0 0 0 5140 5217 5608 6984 1168 1494 2770 0 11715 0 3313 2754 0 0 7886 429 5358 0 0 6452 5908 7787 5262 5119 3824 0 0 5055 0 0 0 0 0 5067 1449 6175 5004 5002 15112 8160 4313 5134 17758 2591 0 0 4379 9528 5903 536 0 1146 1662 0 8180 4810 0 4460 1661 2756
3779 11454 2430 5416 15352 14182 5049 7458 10454 16664 5206 0 6404 288 0 10363 0 2471 5083 7060 15329 9063 5147 3339 0 0 0 3227 3546 0 306 12844 23435 5141 5232 6304 198 0 0 11948 8827 3679 2494 11178 6264 0 0 5173 0 0 5069 0 5529 0 0 5114 0 6182 0 0 2634 6267 5407 10480 5263 5060 5238 5440 7280 5671 7182 0 0 9224 3509 1382 1350 0 11000 4795 5162 1485 5169 13620 14147 17100 10567 14059 3943 5549 2081 2408 5438 8163 0 5530
1731 3308 5617 24591 12219 5055 5528 6217 13358 9294 5373 5382 1059 0 352 19895 10428 10116 13615 5104 5389 0 0 0 0 0 1568 5124 0 0 5140 0 7425 15644 8090 5049 5442 5459 1517 9496 0 462 6784 4010 2852 0 0 5041 0 5779 2468 0 5510 0 0 8159 0 274 6574 0 0 0 0 5622 0 0 0 0 0 5446 92 0 0 10955 1557 0 1895 9138 12122 3202 2167 5125 3843 0 2049 8256 0 5195 0 0 0 0 1950 3363 0 5115
5697 0 8264 9051 21132 15742 10768 7325 8500 4093 0 754 5848 10843 10419 7490 0 0 0 6183 5060 0 0 4867 5181 7836 5265 0 0 0 165 5347 2969 8461 3005 5234 0 1508 15224 161 5626 5188 0 625 5496 0 0 5158 492 5082 0 8816 1302 0 3140 8067 0 0 5517 0 0 0 0 696 5155 0 0 0 5510 3287 0 0 4407 1257 7186 5780 5757 6204 0 6458 0 0 0 0 5295 5447 0 5330 0 0 0 0 5085 0 0 5161
2891 5276 9604 8578 5885 22226 25214 15890 7403 6268 6267 9590 4937 0 0 5017 0 0 2424 6017 15076 5361 5051 451 657 5351 0 0 0 0 0 9110 10039 2533 0 2235 6312 5193 16375 5930 96 0 0 0 4790 4946 0 13252 8800 0 0 0 5649 0 5908 5025 0 0 6692 0 0 0 0 1262 4403 0 0 5101 1400 0 5336 7148 11958 6716 5936 10316 2704 5854 0 7128 0 0 0 0 9259 0 4470 2109 0 0 0 0 8848 5890 1608 4122
287 7440 1586 11756 5575 11508 23180 18037 12573 2728 6481 858 0 0 2468 10597 5302 5041 2634 2713 5861 3698 0 0 5474 0 0 0 0 0 4465 18012 0 0 0 0 0 19478 10486 0 0 0 0 0 0 1479 11616 16219 10487 7428 0 0 5933 5524 52 5448 0 0 6690 422 0 0 0 1031 4483 52 5916 3859 0 0 6430 10915 524 0 3806 3176 0 5222 0 6741 4821 0 0 5078 98 0 11075 0 0 0 0 1527 4770 5126 10717 6662
12636 14043 7930 6036 5634 23825 18780 17278 3816 16677 5024 5255 5123 9418 6842 5054 0 0 0 5052 0 5613 331 0 5164 0 0 0 0 6062 20501 15137 15010 2719 0 0 1510 13221 11120 1306 0 0 0 0 0 0 13145 9037 0 7604 3969 10598 12157 6974 4961 1728 0 0 7593 0 0 0 0 3098 3072 6691 0 0 0 0 6046 6075 9799 5699 2591 0 3016 2800 0 0 2602 2992 0 9589 0 0 8357 0 0 0 1243 7155 0 0 6396 0
21489 3719 5353 10136 23939 37565 30962 23155 14119 15762 10536 5419 7411 5104 0 5140 0 0 0 5449 0 0 5645 0 5053 0 1706 5760 5293 173 14458 922 3764 4705 5065 5015 3858 0 11090 4521 4090 0 0 0 0 0 16783 4460 0 9256 6536 13937 1181 5088 5594 0 0 3244 2670 6803 0 1768 5741 5333 9698 679 0 0 0 0 5916 7091 10066 0 0 0 6414 0 0 0 0 777 0 5841 8821 11315 152 0 0 3026 5020 0 0 4617 1479 0
11474 12261 5802 2096 31075 38678 25745 11023 3208 10102 11663 13757 8673 12063 5018 5121 0 0 0 5077 0 0 2959 5165 10653 2320 4915 0 0 0 8025 7314 0 5256 0 0 0 0 8957 4372 3688 5721 3013 0 0 0 20776 1456 5599 5473 10739 426 5064 12740 8249 5499 5365 2127 5100 9958 6271 3819 0 0 5358 0 0 0 0 0 5428 10080 8797 0 0 0 1489 4543 0 0 0 0 0 6619 0 8428 4678 0 5510 3969 0 0 581 5323 0 0
9489 5000 11732 13220 12974 30147 15204 19484 13956 7488 5017 8477 2033 9570 5062 15253 10381 10687 6748 5133 0 0 4029 6348 16672 15780 11371 3217 0 0 4465 12129 0 5438 0 0 0 0 13215 250 0 0 2683 5103 5068 10203 28051 15151 8942 381 0 0 0 4770 7191 0 0 0 0 5587 0 0 0 0 5586 0 0 0 0 11514 14495 4994 1113 8051 1099 0 2272 3363 0 0 0 0 968 5482 0 7039 3902 8004 8831 0 0 0 5381 0 0 0
0 39 638 6685 23251 22781 11777 9230 14348 7611 791 9511 4619 5958 0 3061 2712 0 4469 15810 14067 10918 8389 5277 5805 0 0 7626 12217 5462 5177 19546 843 1821 4073 0 0 0 11339 0 0 0 0 0 0 16023 880 4029 7849 15305 2422 0 0 0 3810 3599 0 0 0 6784 0 0 0 0 1290 6638 0 0 7865 12885 8776 848 0 3432 2596 0 5806 1355 0 3704 6031 10639 5390 7693 295 5938 0 5118 221 7228 0 0 5368 0 0 0
0 0 4658 18984 5460 16343 7111 6575 5559 15931 1119 4794 5282 7719 5863 157 5148 0 5179 434 2442 3965 0 4975 629 0 0 0 10964 8315 5411 11829 9744 0 5408 0 0 0 5163 0 0 0 0 0 0 8013 8543 0 0 5729 10030 0 0 0 0 5082 0 0 0 5370 0 0 0 0 323 6763 9125 10496 18469 636 0 5800 0 506 5206 0 9009 0 5637 8135 5717 3772 2624 6684 8633 1546 0 5146 0 93 6759 11443 2864 0 0 0
0 0 4316 15306 6830 11125 6230 3931 1610 13652 12705 0 5350 5034 0 6303 9894 8037 10562 2259 0 5143 0 6251 0 0 0 0 0 4211 5171 13798 11487 5348 9245 0 0 0 5293 0 0 0 0 0 0 5214 10326 0 0 5054 10087 0 0 0 0 5313 0 0 0 1137 4982 0 4247 5092 5984 0 11034 12922 2547 0 0 5622 0 0 6347 0 2587 10077 2196 2507 0 0 5483 13725 39 0 1907 4132 0 0 983 4685 5549 0 0 0
0 0 5082 5450 20713 6544 792 4314 5099 186 16002 4848 3785 5488 0 0 0 1164 9589 3697 5097 10429 9420 7061 5719 5078 5137 5141 5171 1243 0 7891 23012 15863 19712 0 0 0 5185 0 0 0 0 0 0 1275 14761 0 0 6676 9777 0 0 0 0 5017 0 0 0 0 5279 7064 872 0 0 1463 17013 0 0 0 1592 4352 0 0 2869 6735 7143 0 0 0 0 0 12100 3442 0 0 5782 507 0 0 5208 0 2327 5495 5563 5664
6088 3583 5606 5604 23347 0 3276 4041 6207 0 14746 9286 8380 10998 5160 9356 6697 2053 6272 0 0 8447 3403 0 0 0 0 0 0 4358 7840 13764 6153 765 18488 2500 0 104 5286 0 0 0 0 0 1487 5047 16663 0 0 13896 5347 2657 236 0 0 5033 0 0 0 958 9162 10900 6845 5781 5699 16053 5881 0 0 0 5476 0 0 0 3643 13868 11019 0 0 0 0 0 3248 3739 0 0 0 5270 0 0 5178 0 0 0 0 0
5879 2923 7811 7831 17905 0 0 4105 13280 1168 2126 12254 15812 15157 16234 6259 9163 17809 2523 0 396 9154 8823 10442 6547 4865 0 0 0 0 13480 4679 0 0 12059 10208 0 445 5577 0 0 0 0 0 8481 12158 4864 0 0 2065 12982 15476 16776 866 0 3578 1616 0 1993 9423 5840 1119 0 0 0 11509 0 0 0 0 5044 0 0 0 6754 110 4347 2924 0 0 0 0 0 5077 0 0 1759 4015 0 0 5305 0 0 0 0 0
10824 9949 4579 5035 15526 0 0 0 5568 7348 0 0 0 0 9732 5375 4547 3955 15603 10580 5540 10697 4308 0 4573 5167 11699 6533 12399 12838 11090 0 0 0 3576 14909 11010 9622 6328 0 0 0 0 0 10146 5046 0 0 0 0 0 5943 5966 12034 0 0 5397 1588 9106 11861 3126 0 0 0 0 5306 0 0 0 0 5299 1602 4125 8201 776 0 0 0 0 0 0 0 0 5100 0 0 5309 0 0 1302 4286 0 0 0 0 0
7926 9319 6915 0 11484 4473 0 0 8066 13355 5776 2294 3800 5984 7118 5703 8176 7277 7689 25336 14438 8075 0 0 1017 2448 7363 15687 5805 3622 0 0 0 0 0 8367 10225 11500 18860 0 0 0 0 0 10071 5006 0 0 0 4057 10634 11447 19078 12638 3041 0 5684 14323 10726 0 8239 2404 0 0 3269 3686 0 0 1047 5495 10742 4218 1495 5583 0 0 1113 3408 0 0 0 0 447 9471 6942 4355 3949 0 0 3728 1389 0 0 0 0 0
9270 7184 0 521 6805 17595 386 6942 1171 11987 889 3322 2690 0 0 0 0 325 12009 16812 6897 11192 5453 8644 5187 3515 3463 1698 0 0 0 0 0 0 0 6849 0 0 17416 22766 1480 0 1943 7741 20036 8842 15209 16236 15428 13180 5270 5422 9784 22235 21458 29493 30142 10376 0 0 0 0 0 0 5181 0 0 4646 16554 4658 14085 5505 5500 53 9012 7261 6818 2403 7208 5313 5257 6482 8062 0 0 6703 1776 0 0 5432 74 0 0 0 0 4626
2396 2965 6323 12904 5301 20475 4796 0 4852 1104 5471 0 0 0 0 0 0 5967 5056 10901 0 0 4757 1547 0 0 0 7087 1904 0 0 0 0 0 674 7879 0 0 11959 10946 12178 12895 19640 22648 22210 16564 2294 0 0 0 0 0 0 8759 3947 7416 3836 19830 14757 0 0 0 0 0 6652 11650 6842 10696 2691 0 7767 0 0 9492 2570 0 0 0 0 0 0 3890 3472 0 0 0 9002 7330 5112 5891 0 0 0 0 1208 11021
8652 6770 2168 5648 0 17437 5687 0 5544 0 5435 0 1892 4 3988 5048 5234 3452 5403 9394 1702 0 0 0 0 0 0 0 7035 0 0 0 0 0 5091 0 0 7738 10815 5562 34988 17083 8000 0 2386 9030 15517 1976 0 0 0 0 0 4858 7692 2756 0 1233 21017 0 1752 3396 0 0 11755 8096 8098 11113 4287 4108 10262 0 0 5798 1214 0 0 0 0 0 3179 3105 0 0 0 5348 833 2619 2444 11283 5272 5367 5608 9973 14209 2705
0 5491 7476 0 0 16778 2532 5560 68 7434 5224 253 7348 6899 3077 0 132 6222 1964 5330 5534 0 0 0 0 0 0 0 5104 0 0 0 0 0 7329 5558 9821 13616 3709 0 22576 2270 13322 3117 0 0 1077 14606 5771 6083 2380 0 0 5710 14356 713 0 4377 17449 19139 12024 8957 11134 3889 13443 4188 0 0 0 13962 10792 0 0 7742 6206 3940 386 0 0 0 5767 0 0 0 527 5125 0 0 3530 2130 0 2803 9377 2647 4550 3776
6325 10628 5358 0 0 6725 10037 3233 5024 1813 7045 8964 0 0 0 0 7126 2102 12091 5353 10777 3311 0 0 0 0 0 0 2600 3469 0 5563 10088 10944 14637 5585 579 0 0 0 15402 5112 6519 11722 0 0 0 11594 0 0 3334 6723 570 12892 3766 8200 1120 5299 7475 3908 6392 3940 483 10982 12316 11395 11013 6259 13187 457 12948 2189 884 13756 587 5619 0 0 0 3718 2139 0 0 0 6922 0 0 0 5499 0 0 6089 5146 0 0 3371
2363 5720 6498 101 0 1063 15220 0 1143 5517 11509 11252 0 0 0 4569 906 13257 0 0 5174 4417 6413 2593 0 0 0 0 3018 11753 13818 6664 0 307 5183 0 0 0 0 0 20563 4330 106 14491 0 0 0 12079 0 0 0 0 6996 16282 1065 5261 13914 17681 1201 504 0 3800 1638 1794 6077 0 4742 12499 2479 7841 5461 10529 5504 9805 4001 2661 0 0 0 5576 0 0 0 6910 238 0 0 1516 3687 0 5635 6068 1061 6251 5252 2448
0 6818 0 6068 1975 2403 19129 5493 1860 5153 11951 13410 5178 5636 5119 6008 9707 5093 0 0 5346 0 0 6556 0 0 3082 6595 9672 4767 0 0 0 5499 764 0 0 0 0 0 20398 6322 8845 5529 5076 0 0 5299 5381 0 0 0 0 6242 9909 5545 3551 10505 15539 0 0 0 5854 0 5059 0 5255 0 5795 3613 6748 5770 12538 21114 11947 2579 0 0 0 5051 0 0 5246 605 0 0 0 5971 0 0 8181 4190 5552 0 0 10342
0 5331 0 3020 8852 2933 15138 3135 3451 985 7198 9707 0 4187 14044 11541 4519 0 0 5968 1574 0 0 725 6413 1019 5404 6833 0 0 0 0 0 5146 0 0 0 0 0 3322 21193 9084 8069 3267 0 0 0 4385 11261 2382 0 0 0 2621 23203 2139 0 1408 17214 725 0 0 4905 2495 7865 14079 8988 2876 7527 695 6278 0 16862 0 5538 7470 1256 0 0 5531 0 0 5295 0 0 0 1660 3795 3082 17078 16872 6154 3233 0 0 0
0 5335 0 0 5768 4973 10575 5104 2612 5682 0 10731 0 12904 0 0 0 0 6436 1445 0 0 0 0 0 11833 9395 0 0 0 0 0 1563 5004 0 0 0 0 0 0 20888 13424 0 6319 0 0 0 0 7383 8796 0 0 0 5286 13996 15378 1992 0 2392 13809 0 0 0 2742 10969 4873 10833 8715 5626 2213 5187 0 11459 0 3446 6116 12196 9724 5133 5049 0 551 5017 4197 5028 12055 15859 12686 10827 1362 12650 0 0 0 0 310
4658 5246 250 0 6966 5440 15348 7583 3386 0 0 8675 18080 2623 0 0 0 4304 1691 0 0 0 423 5590 5438 8873 1571 0 0 0 0 0 6704 0 0 0 0 0 2183 4218 11518 8122 9213 476 4761 0 0 0 0 10393 13875 9305 5174 4013 9070 4712 17379 6728 1795 9352 15606 9022 6144 3400 11031 0 14828 0 7457 6183 0 7156 11092 5950 2899 0 1371 6295 10082 15889 5451 15931 10353 6498 6571 97 1986 7554 0 6012 7606 0 0 0 0 9109
5912 5135 0 0 0 7246 18043 18492 5169 5089 5005 11963 16959 7006 2754 0 0 5110 0 2906 5819 11430 10343 5565 5657 1167 0 0 0 0 0 2976 7995 4511 0 0 290 7301 3712 2177 14985 0 8749 8100 5764 0 0 0 0 0 0 21136 887 0 8024 5121 2504 13021 3739 2040 3308 3992 4649 2025 11271 6889 2837 9428 16384 6531 7258 7468 6844 140 0 0 5481 3086 3012 13999 14297 6051 8805 7139 0 0 0 0 0 0 12150 15 0 0 4821 14291
8212 20339 18130 10093 5033 2851 5315 15895 0 0 2761 3895 8239 4370 3539 5721 5111 6939 4025 8496 5620 0 0 0 0 0 0 0 0 0 1347 6047 0 1251 5377 5814 5705 0 0 0 13269 0 0 9763 10597 0 0 0 0 0 0 4584 12891 0 3453 5054 0 7108 10649 0 0 0 4207 3782 1149 16183 15413 8626 0 1783 6865 14278 2400 0 0 6439 14630 8047 12065 9758 0 0 0 5412 0 0 0 0 0 0 8803 7685 0 1609 6451 6779
9959 12823 9832 15082 19347 17117 17049 21352 2041 2586 4432 0 1088 8942 881 0 3026 16211 12688 0 0 0 0 0 0 0 0 0 0 4863 4978 0 0 0 0 0 0 0 0 2268 16339 6325 2896 5199 10040 0 0 0 0 0 0 784 20160 7840 6861 0 0 0 9428 7001 4577 5413 7325 15229 12452 19507 28845 14951 5040 3780 0 15646 0 0 0 11400 3241 0 0 5704 0 0 0 5108 0 0 0 0 0 0 5007 9238 2420 7819 7957 0
4873 5272 0 5380 6285 0 5087 17279 25890 14004 5215 2725 0 5807 7747 10553 8412 3134 6424 0 0 0 0 0 0 0 0 0 0 5844 0 0 0 0 0 0 0 0 4340 3545 6858 2489 11083 2275 6946 6982 0 0 0 0 0 18304 19316 16150 5139 4208 6810 3445 0 5631 2892 175 0 898 12177 10977 14925 4156 7480 3463 0 7018 8200 1381 15259 3078 0 0 4251 1813 0 0 4470 6948 0 0 0 0 0 1330 4132 0 16356 14081 1791 3544
10587 9080 0 3236 21425 12005 10864 19340 32860 24246 12523 12470 15357 21079 23602 5960 2703 0 266 5685 5183 5285 5149 6119 2755 581 0 0 0 2756 8031 3853 0 0 0 0 0 717 5727 7258 7424 4015 0 3722 8382 16035 9228 5540 0 6861 11966 2205 13464 12804 11583 7177 5276 5408 4250 11069 0 0 0 833 17795 10800 0 4755 8007 1722 6727 11646 13198 13338 2670 0 0 0 9644 5277 5582 5966 1865 6705 0 0 0 0 0 5052 0 12071 9236 6044 4245 6494
1495 24288 12088 9815 10641 3351 0 10496 14759 8301 10019 0 0 7712 8952 3566 3223 4998 0 0 0 0 0 0 3053 4623 5464 5176 3156 5737 0 5780 0 0 0 0 4491 8167 12148 12344 0 0 0 0 8404 0 12310 10406 12453 3711 424 3927 11926 1245 17023 5619 2413 0 7928 12196 1626 0 5483 16275 10820 5745 3353 0 10335 0 0 5127 0 5405 0 0 0 7446 1947 0 0 0 0 6560 5774 6930 0 0 597 4032 11493 8719 7746 1351 2831 7141
5922 9160 12931 3810 0 5022 5553 10511 2087 0 11215 1839 1761 10813 0 3984 2880 1180 5294 0 0 0 0 0 0 0 0 2656 7879 0 0 1201 5594 0 1857 5978 1592 4342 15918 4809 0 4032 7801 8868 970 204 11900 10737 3764 10621 5768 1993 5613 0 253 17329 2784 3266 7377 0 6013 6580 231 6942 15984 210 0 0 10575 0 0 5707 0 4742 781 0 0 5537 0 0 0 0 0 0 0 2644 4777 0 4445 11625 15231 7837 12706 4801 0 126
4616 5850 10700 0 0 0 8798 14723 5279 3852 164 11737 15386 4797 0 0 6031 0 3455 5202 5193 5895 6978 4216 0 0 0 7797 1872 0 0 0 3127 8108 9684 0 4431 3909 1097 14485 0 0 0 0 0 0 5521 12229 17635 15460 7274 5063 6008 5157 10577 16251 5682 16148 15793 14518 17355 22510 13029 23161 10721 0 0 0 11168 0 161 5204 0 627 5289 0 3869 3568 0 0 0 0 0 0 0 5055 0 810 0 19926 7612 17682 0 6239 10189 10181
1966 0 10312 0 0 0 11444 11516 215 1856 5712 5963 10709 9289 0 0 1734 4850 0 0 0 0 395 8249 6090 5361 11687 8474 11680 5116 5074 5231 4521 3865 487 10689 8151 0 0 20662 9126 0 0 0 0 0 1114 1021 14169 8706 19248 1152 0 2889 5346 9920 17366 3075 1071 0 7003 3725 0 4895 12851 148 0 0 10692 4317 5937 0 0 0 5205 3110 3933 0 0 0 0 0 0 0 0 2614 5069 9830 13058 12219 14643 6903 0 0 0 0
0 0 10207 0 139 13689 1439 5032 0 0 4374 2005 14338 8127 0 0 0 6125 0 0 0 0 0 5340 0 3874 5870 1457 5929 0 0 0 0 0 6767 4079 599 5559 12271 4795 22769 56 0 1475 4197 1214 6138 4085 4087 0 16199 15450 8687 15272 2332 0 5206 0 0 2596 4027 4288 0 0 1263 14847 5894 0 7425 5657 5169 0 0 3255 10118 3560 2366 0 0 0 0 0 0 0 0 0 7305 12030 12291 25914 20297 10449 5480 5061 5089 5083
0 0 5863 6884 6179 5826 0 5030 0 0 0 4510 28434 7859 5148 5339 3962 6504 9139 5477 5058 0 0 6148 0 0 2777 6468 6011 0 0 0 0 0 5523 0 0 1439 3495 1095 14749 14641 3493 1114 8936 20610 14665 0 0 0 13439 1784 7059 0 7193 6169 14963 7590 8365 8735 8939 5702 2300 5334 4605 1149 13380 6561 15603 13278 6091 0 3945 13603 11168 13072 17980 5054 2851 1198 0 0 0 0 0 6496 13531 5397 18457 27762 10453 8423 5804 5568 5195 8210
0 0 3902 16568 6059 44 2774 2910 0 0 0 0 10874 12428 0 0 1645 2075 3765 6238 9534 9981 3899 8270 0 0 0 0 9160 333 0 0 0 0 7458 0 0 0 0 12888 7119 188 12785 16720 6676 5639 2291 11574 3973 0 870 5424 11274 0 0 254 3900 7937 9013 11055 15355 13898 11758 14808 16559 3320 0 7179 7296 16547 14134 10761 7829 0 2474 5920 3479 8333 5685 4243 5156 4114 0 0 9802 19025 3490 2305 9576 17327 2696 0 0 0 596 5794
