Heavy_metals_comparison/usgrids5km/sdroads.asc
NCOLS 940
NROWS 592
XLLCORNER -2405000.000000
YLLCORNER 260000.000000
CELLSIZE 5000.000000
NODATA_VALUE -1.000000
[rows 204 to 254 of 592, columns 672 to 767 of 940]
5851 5514 506 0 5327 0 0 0 0 13639 10939 0 2773 3966 0 10160 3467 18816 19440 0 0 0 0 0 0 0 0 0 0 0 0 0 0 0 0 0 0 0 0 0 0 0 0 0 0 0 0 0 0 0 0 0 0 0 0 0 0 0 17865 16793 6465 278 5117 0 0 11075 0 5284 5023 0 13434 2462 0 631 6464 6653 0 0 0 5872 0 0 5539 394 0 0 0 0 6042 0 0 9647 6583 6537 6365 2503
3854 0 0 0 5046 0 0 614 6767 2095 10417 2048 4665 0 0 10175 7997 16683 15659 0 0 0 0 0 0 0 0 0 0 0 0 0 0 0 0 0 0 0 0 0 0 0 0 0 0 0 0 0 0 0 0 0 0 0 0 0 479 16918 10101 17962 2052 0 5053 0 0 11045 0 5201 5070 7164 5187 0 3463 5433 0 968 4675 0 0 5096 0 3092 4218 0 0 0 0 0 3973 11027 8567 11375 1247 5327 7480 4826
1466 5773 0 0 1608 5078 0 6328 0 0 11709 5421 0 0 0 16866 10738 14168 3054 0 0 0 0 0 0 0 0 0 0 0 0 0 0 0 0 0 0 0 0 0 0 0 0 0 0 0 0 0 0 0 0 0 0 0 2662 8841 17168 9631 7989 12395 5745 0 5054 0 0 2069 15118 5811 13944 10688 0 4902 2861 0 0 0 4918 5267 1142 5349 0 0 5037 0 0 0 0 0 10556 6832 3916 4486 5730 2995 15190 1568
0 5281 0 0 2076 10131 6115 1005 0 591 8968 7643 0 0 5721 7492 11964 16158 0 0 0 0 0 0 0 0 0 0 0 0 0 0 0 0 0 0 0 0 0 0 0 0 0 0 0 0 0 0 0 0 0 0 2623 7927 9321 10703 5217 3369 5011 4092 11339 0 5755 5861 571 0 9779 1210 9484 11965 6005 1521 0 0 0 1861 5654 10366 9749 9059 0 0 5850 0 0 0 0 2192 11733 0 0 0 0 5097 15443 6248
3450 7720 11144 5167 3139 5066 0 0 0 6730 0 10417 788 6411 619 5871 17596 4026 0 0 0 0 0 0 0 0 0 0 0 0 0 0 0 0 0 0 0 0 0 0 0 0 0 0 0 0 0 0 0 0 0 8987 15115 8783 5370 0 0 0 5021 0 5053 5719 1340 3746 5128 5362 8806 10012 5641 24893 7887 5612 5006 5333 5611 4036 0 5327 6264 722 6558 7230 100 0 0 0 0 11803 256 0 0 0 0 15732 21227 11183
10672 4070 225 5120 5007 10068 5003 5018 11627 5173 5011 15842 11363 5002 5019 14794 17780 0 0 0 0 0 0 0 0 0 0 0 0 0 0 0 0 0 0 0 0 0 0 0 0 0 0 0 0 0 0 0 0 0 10531 27328 4701 4747 0 0 0 0 5040 0 5023 3989 1761 9960 5026 5246 13710 21185 7899 16553 13629 1899 0 0 0 0 4361 9059 5976 0 0 11850 0 0 0 0 10547 4142 0 0 0 0 0 7036 6640 0
5156 1802 6144 844 0 5045 0 5902 843 0 0 10869 6156 0 0 17224 13215 0 0 0 0 0 0 0 0 0 0 0 0 0 0 0 0 0 0 0 0 0 0 0 0 0 0 0 0 0 0 0 0 6542 16132 11280 4709 0 0 0 0 4589 10087 5080 9266 6012 10075 5339 0 279 14143 6385 4563 15449 6185 17794 9499 0 0 1582 3896 3086 7789 949 6711 3091 5459 4172 0 9458 5754 0 0 0 0 0 6383 885 5516 0
5023 0 0 5810 5503 14782 10742 3085 0 0 3657 7786 5632 0 7394 14968 1557 0 0 0 0 0 0 0 0 0 0 0 0 0 0 0 0 0 0 0 0 0 0 0 0 0 0 0 0 0 0 0 9528 18961 4064 944 5316 4717 5061 5054 5055 466 5047 0 0 7214 10109 10188 5325 6833 10458 5445 0 5006 5424 5033 6745 10537 5973 1654 8554 18315 10176 10012 5044 2728 38 8750 15398 6631 0 0 0 0 0 0 6009 0 2153 3314
5023 0 615 8903 4707 14542 5139 10521 10495 3344 4447 5136 121 5482 10373 10578 0 0 0 0 0 0 0 0 0 0 0 0 0 0 0 0 0 0 0 0 0 0 0 0 0 0 0 0 0 0 0 9258 24292 9545 5015 5374 7939 5931 5077 5032 5024 5017 10070 5055 5059 7965 5186 5067 1936 9723 8831 11159 0 5010 5039 4844 242 787 6351 16109 16857 2340 7141 475 0 2674 9234 4478 8165 3895 6315 5529 1553 0 0 0 2205 11521 5737 0
10077 5047 4432 0 5909 6655 0 0 150 13080 8865 7927 0 5483 14902 6166 0 0 0 0 0 0 0 0 0 0 0 0 0 0 0 0 0 0 0 0 0 0 0 0 0 0 0 0 0 0 11256 17444 5295 8070 5050 5071 5459 9013 0 0 0 0 5043 0 0 5054 5145 9601 4360 0 11506 15605 5019 10184 10410 433 5094 2302 7495 7984 0 5069 6901 3704 0 0 5219 10438 0 0 0 0 5300 0 179 5836 5372 6061 4915 0
5044 0 137 6649 792 5052 0 0 6364 0 1230 11376 4378 6990 28104 5918 0 0 0 0 0 0 0 0 0 0 0 0 0 0 0 0 0 0 0 0 0 0 0 0 0 0 0 0 0 19312 25094 6155 13878 4824 0 3160 5089 7563 0 0 0 0 4498 564 0 5082 7631 13342 8115 5625 16046 16510 1488 5001 5006 7814 11059 7546 2857 5383 0 0 0 7576 5413 5065 14967 16431 0 0 0 0 5376 450 6724 0 0 2945 9919 6805
5061 1254 6442 0 0 187 4856 4788 1572 0 0 14246 14634 23927 28070 19301 1104 0 4606 1287 0 0 0 0 0 0 0 0 0 0 0 0 0 0 0 0 0 0 0 3710 5179 507 4861 14219 27970 49890 27171 10060 14778 9943 8521 1929 0 5051 0 0 4651 5096 5075 10382 5041 13284 11582 6146 5111 0 10601 2610 9532 10822 4701 7732 10961 2009 1525 3801 0 0 0 6981 5693 5496 4732 16444 15755 16246 16654 10196 17246 22336 12615 5408 12585 17922 20566 12746
7484 5303 1121 1038 2263 5045 13088 8374 5066 5063 5061 6286 12172 31190 34445 28950 9358 10477 3438 6684 5036 5371 3415 0 0 0 0 0 0 0 0 0 0 0 0 0 0 4657 12454 16574 10173 17932 21275 23075 25765 33971 26981 14707 21128 13241 12122 10337 10191 12163 5030 7394 5599 0 0 5337 0 10520 5052 5257 5076 0 10278 0 1700 13507 7660 8981 5052 0 5504 0 1158 0 428 13786 5223 5394 1928 6091 11282 8445 6822 20745 17524 9395 7375 12078 16750 5427 19669 6666
13389 5029 4169 4312 7849 0 10415 0 2131 6991 15424 16111 22446 25267 20665 26930 11690 6399 7473 10244 5075 0 5350 14283 5039 9100 6036 0 0 0 0 0 0 0 0 0 6804 20990 13116 10308 6323 11205 8794 36238 20281 1680 14109 1656 15661 13671 11401 3784 0 5136 0 0 1138 6361 2225 6261 7187 10113 5041 5357 5043 5347 12843 5130 5100 10449 14277 19314 11675 5063 10186 5261 4430 9619 12172 4945 0 4412 6341 6365 0 6967 4077 8881 6620 5732 7939 2161 3496 8698 3444 1713
9353 0 1430 5093 10107 6861 20671 15420 13472 11129 5532 6724 27077 29936 21152 19047 19778 9748 8999 5261 10427 15584 8418 7784 10649 2664 8711 6420 9358 5294 0 0 0 1743 18371 20470 16166 19981 21062 23064 27737 16258 17326 17454 979 0 5187 5978 11928 9542 5133 8001 0 5010 0 0 0 0 3006 20220 31978 9260 10156 7221 14029 19123 9200 5192 5065 5348 8593 9301 19232 8699 5856 0 0 5701 0 7764 5497 1319 10295 1887 0 5023 6476 6005 0 7501 7213 5334 0 10432 0 0
6276 10355 8847 5029 10717 13308 9496 0 0 0 0 8597 6788 12708 8524 7874 12337 15227 10710 3282 0 5094 3097 2809 0 1840 6973 10079 18922 17104 14638 11956 13034 23182 4869 3230 5775 6994 16331 10285 8497 10241 6239 23699 5804 5116 10649 5990 9505 10693 14522 15969 5008 10017 5002 5023 5046 7018 15521 4089 9943 14071 13891 3193 22528 7496 4520 3824 0 0 11304 7962 2035 9245 12848 7197 5549 6340 2666 5610 0 0 10385 9334 6906 16938 8836 0 657 6951 5080 10888 13709 7543 0 0
0 4146 5311 5310 117 5001 5040 0 0 0 1628 5043 5402 14943 5839 648 5252 8532 10152 10772 6001 9718 11772 9324 5662 3624 0 2902 7528 1055 4458 12691 17035 5726 5334 2794 0 5060 9554 10299 16751 1739 5221 5041 5196 0 991 16077 12781 9778 5749 14474 6434 5108 0 0 8737 9835 9178 14700 18705 8451 25230 14548 7077 0 4844 12772 6622 5010 7731 3224 5375 11106 14225 0 0 5149 0 10617 1894 5544 3544 8271 8516 8471 6487 6555 5245 0 2694 20524 11766 5036 8512 14449
5300 1158 0 0 0 5002 5318 312 5148 5149 5110 3750 1647 15291 0 5828 5190 5029 5140 789 4775 7927 16461 3906 4683 5025 5011 10268 11271 10489 18830 10546 8589 0 0 0 2764 11751 32 8319 11047 0 5031 5113 5273 2023 6153 6304 5277 5161 0 14076 24471 30816 17777 10626 3258 0 0 5087 22209 8886 4998 30265 18698 6000 6238 3430 5109 2694 3138 11423 10675 868 12254 7071 5408 11639 8015 25556 11162 1271 0 3491 11644 11933 489 1080 6207 6087 7953 7591 5540 0 0 12195
5029 5039 5043 5063 5917 14072 15143 8877 0 0 4562 10448 3528 15088 3605 8285 11402 10624 5067 10954 5065 8854 4010 9105 10200 10195 9964 17134 8393 0 9764 10685 5028 5028 5309 5064 2948 5141 5546 976 6151 5994 6906 5288 6356 5321 0 5565 7219 10720 11839 14553 9860 12716 14019 13090 5443 5016 5040 2692 7848 5727 15284 10800 12836 15743 15725 18055 18195 15515 5046 2937 11679 0 0 6804 8790 5586 9245 3614 1204 6655 2700 5663 2336 4646 3553 5823 468 0 5767 8391 5008 0 6467 13733
0 0 0 0 10377 10260 2934 10100 5091 5076 1751 4146 2236 20124 2095 885 4291 10217 0 2656 4024 8155 0 2849 5425 5044 8350 12843 8912 10424 17325 20456 10325 10374 11265 10092 10244 17571 7338 5053 12827 11017 13998 18627 15007 5031 5031 19605 17895 30675 7325 12760 5759 1067 7166 7748 5824 5809 5125 10143 12311 6478 17532 12498 5045 0 3208 6402 36743 12863 9682 5034 15569 9047 4240 3032 9783 11245 10407 5150 5984 6211 10462 13805 11768 5770 2997 442 2621 6926 376 11665 0 0 5384 10478
3932 0 1164 12395 3088 5048 0 5046 0 0 5396 0 0 15120 0 0 5550 10209 0 0 12547 10930 5373 2280 0 0 5070 5080 0 0 5061 2365 4200 0 0 0 4207 10793 5679 4101 5988 5060 12562 7864 6777 5173 5226 6214 9071 27166 28329 13360 11358 5229 10133 15966 9207 8023 4294 3415 5067 6381 1686 6671 14864 5188 1785 0 13806 8263 5170 2517 8616 5794 1160 7897 22094 21582 9838 5024 5112 6933 10874 24095 9880 5022 5037 5028 3219 5605 10150 12026 703 9277 6778 12464
2511 12986 12069 2671 0 5063 28 5047 0 0 5398 0 0 13313 0 0 3433 13740 386 10140 8222 8586 0 0 0 0 5040 5129 0 0 5065 0 3517 3047 0 10671 7099 8063 7663 7166 4127 11494 5021 16708 6994 7367 6698 15346 23065 14086 8338 0 12154 0 5015 3967 17576 5933 9616 8121 10962 6152 411 15614 6100 0 3887 5126 6033 15405 21193 10535 351 10833 0 6629 14939 3022 6156 114 0 4378 10645 13520 1566 6180 0 0 0 2687 10206 0 15773 8454 0 3108
15131 15876 9863 2509 5041 10327 5041 10125 5043 9197 6230 5000 5000 11070 9120 5000 5001 16744 24035 4450 0 10526 0 3677 5160 1626 716 9540 0 0 5037 0 0 10724 13524 5479 1399 6903 15546 10248 16630 25180 18393 16256 6411 5051 4171 7495 6102 9451 10162 7311 11702 8587 10098 7538 27830 17618 10626 7876 21976 19171 9909 14112 14727 8106 10658 8611 10383 18500 22859 7161 12005 25205 15397 9765 7559 5870 2364 5977 0 6928 7274 6662 0 778 6991 0 2558 10757 6036 6014 10156 723 0 0
709 0 5732 0 0 5017 25 5126 0 5395 0 0 0 5063 5042 0 4256 10750 11762 8792 15399 19988 9238 6511 5045 8514 15458 15100 10057 13080 16878 10089 17285 20898 10942 7625 8789 3262 5163 0 6513 10210 2799 13599 6990 10368 11357 11082 4779 5731 0 10178 5447 5103 6461 13054 1702 8650 0 0 5414 4423 3594 5025 4462 4810 68 3242 5482 11137 20413 6470 10949 11180 4297 3231 5279 5053 10876 7911 8828 8986 7268 8864 0 0 2041 10202 8881 7473 20975 2931 5284 0 0 0
0 0 297 5948 0 0 5041 1608 5978 3715 4496 5059 5059 10090 10098 10811 12157 5268 15426 4840 0 5125 945 0 0 0 10356 0 0 211 16389 6519 6385 5016 0 4964 1494 5215 6267 11185 7605 0 5446 5006 5397 7179 6852 1541 16780 3250 0 9960 6938 8924 14663 4536 0 10316 0 0 5198 0 8144 8718 0 5162 0 0 0 8183 25865 8081 1471 6430 16049 10743 9426 2004 5972 0 10637 14512 17808 8799 1350 7880 4162 0 1394 14987 20912 2657 509 5612 5466 6617
0 0 0 3189 10280 8006 10102 5062 13954 5060 563 2720 5720 5229 21077 11601 4807 0 10504 0 0 5070 0 0 0 0 10242 1650 5566 5285 9356 6044 564 4312 795 0 5790 11105 6422 8488 875 0 5591 5002 10012 3544 14647 5139 10184 16312 6342 0 26696 17419 13117 163 0 9652 570 0 9653 5178 2231 2651 3448 5200 0 0 0 3842 25436 32493 7237 5642 19225 5353 8830 5009 4782 661 18796 7538 12618 23994 4930 5152 0 4634 7001 0 13140 5640 3049 0 423 17005
5073 5073 5073 4320 0 4079 7810 4152 7424 5116 5510 2695 0 6286 16876 0 4543 1088 5472 5022 4745 10102 5281 5052 5051 5046 15140 3441 0 0 2428 13970 0 3428 1667 0 9534 21875 11337 6391 5266 792 228 14073 9896 9769 17395 5078 6736 5330 21960 17205 31493 17687 6836 10661 12671 17561 11459 15710 8079 925 0 0 3256 7343 2918 5295 5516 15312 14353 5492 17211 0 5081 5840 8668 10299 5455 11899 22520 2158 1061 12529 6218 12551 6747 681 0 0 10608 0 7108 3694 0 7544
0 0 0 0 0 0 3064 15789 3562 0 0 0 3929 9332 10975 5029 489 4590 5074 17030 562 5024 0 0 0 0 10080 0 0 0 1345 15757 2158 5044 1069 2433 12982 15230 0 0 775 10000 7451 21299 8626 5041 617 6508 2576 9404 25181 5868 5212 12367 7288 1728 13319 8182 7972 3513 0 6252 2809 5038 2123 6580 25725 6160 10498 13374 6887 10158 24345 0 10039 9098 6438 8820 2231 34106 12502 7741 10665 10958 5605 13987 9009 4479 4174 12803 8370 5157 6118 12757 5105 5342
0 0 0 0 0 5154 3541 10005 0 0 0 3180 9722 423 10082 0 0 0 0 6541 5747 5024 0 0 562 4549 11004 0 0 0 5354 2580 16158 6534 11474 17792 8625 5647 9717 5097 4319 0 6727 10566 4222 5439 5337 2607 4191 20825 17390 2055 5040 10403 178 4403 0 13149 7236 6748 7500 5566 10241 5325 5287 24835 2951 5477 11638 10299 5404 11365 9332 26281 20339 13410 14113 20277 18587 7286 11321 5265 0 5457 0 0 6365 6506 7415 16533 5569 6419 11719 6462 9783 7818
0 2721 5057 5440 5533 1108 0 10018 0 0 3264 14135 1279 0 10076 0 0 0 0 882 17681 22346 13015 10157 10146 11552 23341 10092 10060 10142 15904 13118 10982 15410 24039 7179 0 0 5990 0 0 6634 5812 5572 0 0 0 2766 8548 21503 9012 8024 7989 7541 0 0 0 1477 16184 7186 6166 54 0 0 6510 22119 6575 0 5945 7691 6804 5372 7980 4058 11878 30825 26737 29769 13787 9339 20531 16603 10286 7592 10910 5208 13985 649 0 10690 0 5668 2479 0 9689 24035
5892 2307 0 0 0 0 0 10052 0 2111 11341 6260 6382 5056 7158 13629 5021 13021 10222 9452 4489 4709 5016 0 0 6883 4572 0 0 9368 7138 205 0 5167 10413 8316 5215 3635 4660 592 8967 5834 3553 2429 3312 0 0 848 5464 6603 11893 8761 8553 16558 744 0 3759 7273 13956 4186 0 7406 0 0 0 1583 21874 0 1409 7513 0 556 8121 8317 12685 28947 45297 34066 34430 30526 14663 9128 5263 0 10352 10279 1504 10847 18662 1487 0 5286 0 6810 6834 19745
10011 10010 10011 10254 10589 5022 5079 15093 5678 18980 7281 2458 5041 2994 10248 20721 10245 4096 0 0 0 5426 7054 0 213 10925 0 0 4583 13479 0 0 2020 8023 7891 0 0 3215 6279 20220 5356 0 0 0 5617 0 1464 5819 0 6214 0 11543 4713 2302 12755 10133 2145 0 5103 2965 5579 12204 526 0 0 0 16585 3883 0 9137 5035 5580 8342 352 6533 19358 11149 13127 19078 38402 9380 11257 15550 12052 27429 18044 10106 19807 9035 3913 3704 9040 5796 412 5466 13952
0 0 0 0 6501 11105 6376 13806 14274 6837 10273 10272 11873 7262 10 10471 0 0 0 0 0 0 7548 5885 9323 3982 0 5134 8172 12278 0 708 5715 5295 5140 0 0 0 5203 0 3863 5093 7571 5046 10451 5070 7154 5378 6050 9210 5242 13050 13594 5389 4132 11277 6719 0 6044 0 0 9300 8830 5015 5666 0 18310 11783 5457 3034 6176 0 3169 3239 10840 20947 17241 23940 13216 23133 16834 1968 5219 1058 20855 3348 3239 3534 0 1689 11943 2605 0 5150 7159 8246
0 0 0 0 5547 5063 10721 37366 21783 8472 5051 5051 5092 5638 4525 5665 4817 0 0 0 0 0 1383 4850 16546 1013 7998 8197 0 10047 0 6568 627 5157 5096 0 0 0 5862 0 0 0 1059 5646 9419 1419 0 0 1073 7299 0 0 14131 14428 4645 0 5286 7463 10314 862 0 3113 2914 1403 8439 7354 17947 12727 0 0 2955 4413 8917 16507 9099 11785 4589 6994 15628 22482 7408 2698 0 5517 21462 0 5830 0 0 4834 1063 2908 5185 10890 8844 6732
10087 14508 15744 15283 11494 10503 11220 14320 8251 0 0 0 0 0 713 9326 14852 5036 5087 5017 5043 5317 5365 11799 23370 14927 3717 0 3213 9718 6058 588 6804 0 5102 0 0 577 5100 0 0 0 4685 10216 2013 5101 0 0 5593 0 0 2919 2720 1164 18953 13992 9196 0 1206 11187 8273 10426 12737 9978 5169 5549 12721 21098 5287 3519 2375 10249 7486 1272 25512 9446 10827 21785 26812 4076 12395 13027 8433 10434 18916 16609 6707 3112 2218 4399 0 0 0 5079 6831 12334
5289 624 0 0 0 976 5670 10295 5043 0 0 0 0 0 0 0 13733 3616 0 2624 5487 5046 5044 2367 15626 5122 0 0 7593 8767 0 5204 454 0 5228 0 0 6670 0 5113 5456 5199 1195 0 6129 5974 0 0 5389 0 0 5014 1586 13405 331 5471 2601 5658 5508 466 7353 20637 11333 5337 5285 6056 7562 15668 5494 7330 8614 5262 4942 5320 19340 11864 447 2332 22545 25358 13676 19126 7716 2096 7800 16865 5058 8913 17123 5682 5405 5444 1580 9705 2163 7581
10545 937 0 0 100 6581 1779 8651 5147 0 0 0 0 0 0 2772 2828 9762 8274 3202 0 0 0 3820 10761 6372 0 1931 9506 5035 2761 4005 0 0 9107 3996 6910 5229 5306 6717 0 0 0 0 6476 4337 809 0 5325 0 0 6009 12957 0 0 4628 2359 0 0 4738 15574 9512 333 0 0 0 14039 2137 0 0 0 0 5155 28083 17931 15393 5157 5743 17825 21508 28714 7583 13054 6302 8600 14243 0 0 6356 4828 5008 7107 9137 17680 18644 5298
5326 4945 4649 0 6646 5024 10227 10099 10148 5024 5687 1401 0 0 0 5287 4498 10239 5245 1300 0 0 0 7922 2635 10448 0 5941 4662 5035 6096 0 0 0 0 18859 5878 404 742 10080 2371 1434 5041 6442 9875 3425 4028 0 5925 4432 1659 18974 555 0 0 0 7074 0 0 3784 2985 11664 3746 0 0 0 15749 0 0 0 0 1172 11275 3909 14473 7952 3479 12124 1797 15478 24444 7860 8856 7445 11200 18616 0 792 5723 0 0 0 3630 10522 9852 3391
14265 10075 11427 20208 5985 175 5096 5076 2671 2819 0 7233 0 0 6 9428 2196 5134 0 6392 233 0 2696 3299 5685 10211 0 10359 0 5035 5009 0 0 3311 5604 9301 4273 0 5087 0 3243 4104 0 5912 0 3806 15993 13355 10763 5698 8818 0 5104 0 0 0 5262 2542 5537 4460 0 4482 6228 4348 0 2965 12407 0 0 5953 10444 10580 1322 0 9016 2234 2801 15560 5906 12664 15842 2448 15847 5529 7551 20366 5177 9085 0 0 0 699 5277 7558 0 5156
10304 0 0 5035 0 0 472 9707 0 5455 0 791 5205 6327 6192 5296 0 4145 1500 0 5278 0 5470 0 2855 12798 1305 10522 0 11161 544 0 2928 3107 0 0 11062 0 5558 0 0 0 0 5132 0 0 10158 0 0 0 0 0 5054 0 0 0 3451 10039 360 0 0 0 0 1542 5440 5366 10275 0 7650 6302 0 0 0 0 5107 5252 3657 0 17158 22741 14059 7151 5685 0 9000 5978 5498 9993 0 0 0 7488 6266 8105 4816 13872
5286 0 0 5172 0 0 0 10184 0 5190 0 0 0 182 16626 0 0 0 6069 597 5679 655 4699 0 0 9213 14488 8607 4576 6205 0 4060 4834 0 0 0 10395 5330 2343 0 0 0 0 5746 0 419 10449 0 0 0 0 0 5049 0 0 2761 5127 5581 0 0 0 1199 6594 8403 13759 21110 20122 10319 5934 0 0 0 0 0 0 11357 0 5098 16798 4457 5074 2836 6503 10325 15104 0 0 12506 0 0 0 10440 1467 0 6467 11346
5052 0 0 4352 21 0 0 10443 0 1009 4802 0 2825 5350 14723 5809 5055 5324 1469 8245 5735 5674 0 0 5482 6666 26120 10972 10156 11281 5682 2462 0 0 0 5403 12861 6361 0 0 0 0 0 2450 9528 11517 1409 0 0 0 0 0 5241 0 4452 4808 0 1536 8387 9154 10721 9543 4607 1999 3185 10050 18735 0 0 0 0 0 1649 731 0 10294 1879 12823 9345 2044 9433 4790 7155 28909 3956 0 0 11185 6732 5466 8152 8726 0 0 0 15358
1846 3207 0 0 0 0 0 6254 3980 0 4018 3521 5269 0 10134 0 0 0 5718 9925 8650 14207 5412 5596 170 6212 9561 9425 5026 5719 5030 5937 422 1594 6210 569 221 11290 0 0 0 0 6470 16296 10291 0 0 0 0 0 0 0 7681 5787 1885 4615 5265 5076 4339 4195 0 0 0 0 0 6139 15147 2858 0 0 0 2162 6624 6700 6115 20168 24000 7500 5112 11750 17390 816 2348 11889 3423 5712 8528 1440 43 8673 11216 0 0 0 3734 5831
0 5034 0 0 0 0 0 8794 5112 5228 5137 9093 0 0 10105 559 0 0 0 0 7264 7716 10905 334 5092 967 5179 10339 5745 5013 0 0 8709 9225 0 0 0 10449 0 0 1105 12179 4970 6171 4040 3249 0 0 0 0 0 9786 16081 11937 7709 967 0 0 4522 671 0 0 0 0 47 14165 17426 2992 6739 0 3166 4869 0 5776 12895 1159 9331 3592 0 4223 14208 0 7103 3469 0 0 1241 5283 11022 5590 9472 958 0 0 5149 651
0 5028 0 0 456 5797 5063 13600 4132 0 0 5301 0 0 5052 5593 0 0 0 0 5901 0 2566 12817 7452 0 5802 10150 5072 5262 0 4056 2615 2574 6697 528 0 11656 19222 15630 15174 10589 10705 9608 0 5797 0 0 3353 10597 17873 7664 14166 4100 0 0 0 0 0 10726 5502 5744 5303 9133 13109 22732 5960 0 80 9323 2561 0 0 5513 0 0 0 11443 0 0 14381 8563 1448 0 0 0 0 1877 5366 0 65 11078 14065 10308 12071 9562
0 5014 4300 5323 5083 0 0 10278 0 0 0 3936 1651 0 4397 5950 0 0 3549 9591 6895 3704 5043 12782 13475 8885 12956 26181 17852 16863 6205 10235 5008 5008 3784 10910 13339 19563 6562 0 0 0 2211 9236 10596 10812 14748 16228 14087 5142 894 0 1209 8835 0 0 0 0 0 5085 0 0 0 0 713 26036 1321 0 0 5253 0 0 0 3973 1666 0 0 5101 6942 0 7698 9432 0 0 0 0 2955 4668 0 4959 6503 6106 0 0 0 0
8029 10214 860 0 0 0 0 14042 5011 5002 5007 6816 8409 2696 1461 15315 5807 5876 2600 6097 1592 1490 0 5022 2468 10525 7575 15493 11976 8855 6786 0 245 9294 10995 5762 9925 13104 5037 0 247 5596 10133 10141 20842 23516 2839 0 0 0 0 0 0 5135 0 0 0 0 0 2968 2340 0 0 0 817 21019 0 0 0 5049 0 0 0 0 8433 12349 8978 6830 10603 2761 7220 5131 0 3494 5189 9623 8126 5054 5156 2738 3881 5320 0 0 0 0
8936 1258 0 0 3739 6115 5426 12010 0 0 0 0 5540 2651 6953 7356 3759 8366 15502 0 0 0 0 5076 0 5484 19851 12369 22986 13848 18507 10934 12431 6219 8364 12311 18182 12418 15167 10007 11008 4878 0 181 9322 8161 5095 2455 0 0 0 0 0 5010 0 0 0 2259 0 0 5550 0 0 4956 16747 12248 0 0 0 1323 6230 2127 0 2201 7134 6167 0 1889 6073 16241 16305 12899 5136 1518 0 0 5176 0 0 0 8356 3012 0 0 0 0
13608 9871 5027 5183 1523 8998 5609 13333 929 0 0 0 4833 2587 5018 5050 4922 10854 0 0 0 0 4996 4679 5984 10130 25681 37645 46084 21388 17333 16116 8238 5032 1866 6847 3491 0 6513 0 1807 6041 7127 13793 14315 0 0 5404 0 0 0 0 1327 4351 0 3679 6100 5735 5572 5436 12043 5070 5189 2446 2387 20083 0 0 0 0 0 9436 8806 4209 0 2050 0 0 1177 9399 21566 9333 7089 1978 0 0 5424 0 0 0 0 5354 0 0 9636 14767
10814 4939 0 0 0 5128 0 12150 11112 5202 5068 5182 5002 7510 15909 9607 9302 0 0 0 2324 11005 14184 12882 9727 7131 11537 15190 15978 18369 12574 3097 5464 4308 0 13637 2307 0 9534 5010 2128 6628 3741 0 10462 0 0 5151 0 0 0 0 405 6538 7261 1516 813 0 0 0 5723 6016 0 0 4606 11490 0 0 2819 3612 6378 1667 767 6358 157 5675 4070 0 6925 11337 11719 4596 0 5615 0 0 5015 0 0 0 0 5611 0 9565 5195 6168
5863 3262 5361 0 0 4942 275 2777 9206 0 0 0 0 3058 17026 21185 4937 10527 10227 10203 7893 10718 5885 497 4926 4386 3448 14013 10928 16549 16326 10393 10136 9789 5017 10251 13102 10305 5852 1739 10469 4813 0 0 11391 0 0 5631 18 0 0 4828 5205 7477 6152 0 0 0 0 0 5352 3091 2549 393 10432 21596 9269 6842 3003 1710 0 0 0 937 5122 0 1666 10082 14542 5813 3708 5825 0 2092 6381 10444 17810 7806 11011 1460 4831 6198 12869 8268 12062 2560
